1.656155813e+00
1.717050081e+00
1.790290872e+00
1.927748594e+00
2.176393844e+00
2.551615366e+00
3.023429827e+00
3.520682860e+00
3.949527565e+00
4.217730601e+00
4.257080605e+00
4.039764233e+00
3.587260780e+00
2.970424212e+00
2.298537497e+00
1.696253978e+00
1.271876923e+00
1.086369932e+00
1.135507917e+00
1.354224881e+00
1.642894137e+00
1.904650616e+00
2.077183903e+00
2.145469584e+00
2.132256964e+00
2.074798476e+00
2.002391291e+00
1.926438952e+00
1.845307294e+00
1.756742256e+00
1.667200162e+00
1.591727420e+00
1.546142454e+00
1.538903452e+00
1.569208257e+00
1.631802082e+00
1.722935061e+00
1.840944797e+00
1.979845387e+00
2.121087118e+00
2.231716013e+00
2.273717268e+00
2.221545584e+00
2.078238444e+00
1.879877601e+00
1.684215413e+00
1.548238731e+00
1.505705526e+00
1.555535655e+00
1.665767737e+00
1.789608191e+00
1.884737978e+00
1.927115086e+00
1.915009196e+00
1.864429414e+00
1.800151888e+00
1.746342557e+00
1.719014910e+00
1.721696031e+00
1.746550172e+00
1.784280976e+00
1.844780333e+00
1.985442776e+00
2.337009252e+00
3.111884966e+00
4.581277489e+00
7.016668921e+00
1.060539401e+01
1.536356718e+01
2.107597078e+01
2.728814325e+01
3.336163045e+01
3.858412267e+01
4.230879839e+01
4.408748658e+01
4.376311887e+01
4.149771688e+01
3.772940198e+01
3.307070021e+01
2.817564857e+01
2.361070637e+01
1.976192458e+01
1.679864444e+01
1.469575201e+01
1.329832695e+01
1.240108073e+01
1.181465523e+01
1.140131228e+01
1.107846692e+01
1.080207363e+01
1.054686046e+01
1.029563051e+01
1.003961042e+01
9.783076128e+00
9.543442387e+00
9.343012446e+00
9.196254817e+00
9.100913119e+00
9.039204282e+00
8.988406567e+00
8.933489765e+00
8.873108085e+00
8.815356087e+00
8.767440499e+00
8.727959279e+00
8.688210690e+00
8.641470509e+00
8.592247158e+00
8.556757021e+00
8.552247009e+00
8.581700867e+00
8.625047780e+00
8.644439051e+00
8.601742236e+00
8.477865175e+00
8.282048671e+00
8.045894371e+00
7.806829603e+00
7.591955250e+00
7.411691206e+00
7.264947448e+00
7.149562630e+00
7.069092695e+00
7.031051615e+00
7.038811826e+00
7.084048762e+00
7.145684350e+00
7.196095326e+00
7.210327491e+00
7.172957775e+00
7.080252872e+00
6.939200056e+00
6.766270523e+00
6.586605012e+00
6.431226882e+00
6.329426420e+00
6.296894322e+00
6.325135682e+00
6.379843718e+00
6.412470194e+00
6.381501246e+00
6.272867690e+00
6.107736877e+00
5.932324110e+00
5.794815256e+00
5.722344716e+00
5.710884464e+00
5.732689831e+00
5.754959443e+00
5.756912613e+00
5.734790605e+00
5.693526526e+00
5.633428512e+00
5.543479264e+00
5.407596214e+00
5.220209392e+00
4.999856805e+00
4.789621026e+00
4.641275441e+00
4.590725685e+00
4.638621249e+00
4.747666942e+00
4.858638766e+00
4.916475832e+00
4.892666077e+00
4.793260538e+00
4.650657371e+00
4.505932809e+00
4.391918177e+00
4.324340333e+00
4.302163195e+00
4.313287254e+00
4.340746045e+00
4.366966030e+00
4.376695390e+00
4.360177927e+00
4.316561312e+00
4.255261151e+00
4.192617672e+00
4.143725454e+00
4.113260453e+00
4.091327637e+00
4.058425195e+00
3.998042845e+00
3.909648902e+00
3.813139860e+00
3.740168921e+00
3.715972925e+00
3.742173931e+00
3.791685155e+00
3.820240867e+00
3.788976384e+00
3.685286323e+00
3.529707626e+00
3.364756254e+00
3.232410856e+00
3.153437010e+00
3.119944972e+00
3.103960471e+00
3.075253094e+00
3.017314450e+00
2.933336379e+00
2.841340115e+00
2.763807762e+00
2.718499290e+00
2.713940689e+00
2.748848459e+00
2.812981457e+00
2.888299665e+00
2.951665640e+00
2.980782020e+00
2.962694947e+00
2.900881465e+00
2.815820472e+00
2.736780465e+00
2.688029237e+00
2.677040993e+00
2.692021392e+00
2.710659226e+00
2.714702465e+00
2.700795653e+00
2.680274034e+00
2.668169488e+00
2.669460067e+00
2.672951313e+00
2.658036226e+00
2.610224804e+00
2.534371652e+00
2.455248495e+00
2.403488818e+00
2.395344966e+00
2.419740192e+00
2.441931731e+00
2.422369948e+00
2.339392563e+00
2.202032806e+00
2.045843819e+00
1.915382053e+00
1.844423753e+00
1.844529881e+00
1.905547837e+00
2.003826431e+00
2.110933296e+00
2.198754278e+00
2.242344345e+00
2.224499650e+00
2.143310973e+00
2.018446513e+00
1.888999553e+00
1.799172563e+00
1.776482406e+00
1.814564886e+00
1.872736639e+00
1.895662504e+00
1.843749349e+00
1.716759603e+00
1.555763018e+00
1.421104093e+00
1.358868930e+00
1.375774864e+00
1.437397563e+00
1.490202466e+00
1.493221971e+00
1.439841527e+00
1.357321336e+00
1.286341135e+00
1.255113183e+00
1.264550343e+00
1.292068823e+00
1.308752229e+00
1.296877690e+00
1.256860939e+00
1.201788245e+00
1.146435258e+00
1.099812388e+00
1.065292668e+00
1.045184293e+00
1.043237690e+00
1.061411628e+00
1.093442155e+00
1.121883252e+00
1.123629750e+00
1.082481597e+00
1.000982422e+00
9.026799251e-01
8.215112103e-01
7.836762603e-01
7.930483920e-01
8.295955185e-01
8.621350328e-01
8.673705431e-01
8.429416250e-01
8.061350892e-01
7.794272773e-01
7.728055375e-01
7.749831719e-01
7.597184446e-01
7.033784054e-01
6.023025189e-01
4.784168400e-01
3.689921327e-01
3.065468493e-01
3.010910871e-01
3.352775832e-01
3.748592416e-01
3.876369946e-01
3.596844547e-01
3.003760588e-01
2.351114050e-01
1.914253090e-01
1.863576230e-01
2.202520527e-01
2.776134875e-01
3.327933349e-01
3.582346789e-01
3.340744701e-01
2.576074175e-01
1.490223537e-01
4.832780636e-02
6.588516880e-04
3.376429876e-02
1.387188601e-01
2.668581163e-01
3.490715029e-01
3.304990122e-01
2.024283472e-01
1.209159611e-02
-1.576209475e-01
-2.290190763e-01
-1.689163266e-01
-4.861721455e-03
1.896335760e-01
3.309993360e-01
3.619508937e-01
2.699070932e-01
8.187694259e-02
-1.556790794e-01
-3.970504576e-01
-6.067770256e-01
-7.581272219e-01
-8.287572111e-01
-8.023715075e-01
-6.781561974e-01
-4.810010596e-01
-2.621946137e-01
-8.535482673e-02
-2.455214219e-03
-3.259219179e-02
-1.557159603e-01
-3.248218499e-01
-4.889518412e-01
-6.134378148e-01
-6.870336344e-01
-7.152958953e-01
-7.085966713e-01
-6.750752629e-01
-6.227489836e-01
-5.660881204e-01
-5.278827329e-01
-5.309176462e-01
-5.830603864e-01
-6.666140894e-01
-7.420232110e-01
-7.670137564e-01
-7.211422817e-01
-6.206115607e-01
-5.131589075e-01
-4.548463206e-01
-4.817378053e-01
-5.924479137e-01
-7.506964792e-01
-9.050680718e-01
-1.013814893e+00
-1.061156091e+00
-1.058050907e+00
-1.029991482e+00
-1.000932757e+00
-9.827226375e-01
-9.743212154e-01
-9.686923581e-01
-9.614898741e-01
-9.560732822e-01
-9.626725219e-01
-9.930547893e-01
-1.053881765e+00
-1.141807724e+00
-1.242204522e+00
-1.332180038e+00
-1.387489909e+00
-1.391689530e+00
-1.344401364e+00
-1.264692605e+00
-1.186493547e+00
-1.146214369e+00
-1.167067247e+00
-1.247541465e+00
-1.360653621e+00
-1.465628843e+00
-1.526901380e+00
-1.530710717e+00
-1.490262556e+00
-1.436547281e+00
-1.400122736e+00
-1.394517956e+00
-1.410927351e+00
-1.426915087e+00
-1.423140771e+00
-1.397139652e+00
-1.365197731e+00
-1.351169020e+00
-1.369699266e+00
-1.415126163e+00
-1.463752075e+00
-1.488477140e+00
-1.476600366e+00
-1.439324407e+00
-1.406663978e+00
-1.410693533e+00
-1.467348378e+00
-1.567646402e+00
-1.683006825e+00
-1.780582153e+00
-1.838949784e+00
-1.855449354e+00
-1.842681393e+00
-1.818567156e+00
-1.797280882e+00
-1.785895554e+00
-1.786282019e+00
-1.798024464e+00
-1.818637025e+00
-1.841302663e+00
-1.853970028e+00
-1.843447985e+00
-1.803876217e+00
-1.744036762e+00
-1.686857600e+00
-1.658922390e+00
-1.675140069e+00
-1.728488314e+00
-1.792798985e+00
-1.838456883e+00
-1.851857174e+00
-1.845881557e+00
-1.853485771e+00
-1.907030018e+00
-2.015470223e+00
-2.153654065e+00
-2.271142924e+00
-2.316437753e+00
-2.263449144e+00
-2.125972589e+00
-1.953049313e+00
-1.808601933e+00
-1.746235270e+00
-1.790786726e+00
-1.932922060e+00
-2.135984765e+00
-2.349695682e+00
-2.524792857e+00
-2.624889501e+00
-2.634084558e+00
-2.559661152e+00
-2.429093432e+00
-2.281192323e+00
-2.153400650e+00
-2.069917244e+00
-2.036148203e+00
-2.042363744e+00
-2.074270100e+00
-2.123725679e+00
-2.192456528e+00
-2.286237291e+00
-2.403834029e+00
-2.529270197e+00
-2.634285516e+00
-2.690927951e+00
-2.686717923e+00
-2.632201614e+00
-2.555215149e+00
-2.485004344e+00
-2.436398891e+00
-2.404435043e+00
-2.372788374e+00
-2.329895806e+00
-2.281340283e+00
-2.249690482e+00
-2.261672722e+00
-2.331157973e+00
-2.449006160e+00
-2.585838628e+00
-2.705223859e+00
-2.778756240e+00
-2.794876505e+00
-2.758824116e+00
-2.687019834e+00
-2.601084698e+00
-2.524030068e+00
-2.477157998e+00
-2.474930107e+00
-2.517815705e+00
-2.587410596e+00
-2.649684050e+00
-2.668639277e+00
-2.625596038e+00
-2.533592181e+00
-2.436781043e+00
-2.392166181e+00
-2.441596973e+00
-2.588939395e+00
-2.795688038e+00
-2.998278295e+00
-3.137856017e+00
-3.186093319e+00
-3.153399120e+00
-3.076754991e+00
-2.996361899e+00
-2.935769856e+00
-2.896169957e+00
-2.865385071e+00
-2.832898129e+00
-2.799866795e+00
-2.778257097e+00
-2.781563324e+00
-2.814969654e+00
-2.871897973e+00
-2.938185637e+00
-2.999461328e+00
-3.045903118e+00
-3.072020847e+00
-3.074078305e+00
-3.049879994e+00
-3.003015059e+00
-2.948442432e+00
-2.913064816e+00
-2.926989655e+00
-3.007771918e+00
-3.146472752e+00
-3.305604313e+00
-3.433060902e+00
-3.486200083e+00
-3.452861682e+00
-3.356704578e+00
-3.243144736e+00
-3.154037300e+00
-3.106343450e+00
-3.087474550e+00
-3.069258086e+00
-3.030542930e+00
-2.973282778e+00
-2.921901803e+00
-2.907334195e+00
-2.947320618e+00
-3.036412877e+00
-3.151674447e+00
-3.268806857e+00
-3.376442138e+00
-3.478420213e+00
-3.583188522e+00
-3.689039084e+00
-3.776804886e+00
-3.816038629e+00
-3.781005467e+00
-3.666179274e+00
-3.491803569e+00
-3.297127581e+00
-3.126477276e+00
-3.016035042e+00
-2.986143208e+00
-3.038808180e+00
-3.157627328e+00
-3.309223439e+00
-3.448683296e+00
-3.531961228e+00
-3.533786137e+00
-3.463118322e+00
-3.365333712e+00
-3.305033715e+00
-3.334235166e+00
-3.461097590e+00
-3.636905242e+00
-3.770897036e+00
-3.767855361e+00
-3.570814118e+00
-3.188412496e+00
-2.694800970e+00
-2.204168165e+00
-1.833351829e+00
-1.668643796e+00
-1.746961184e+00
-2.052469690e+00
-2.523826234e+00
-3.067131254e+00
-3.573102766e+00
-3.939094532e+00
-4.094377526e+00
-4.021991795e+00
-3.767189992e+00
-3.425232137e+00
-3.110068594e+00
-2.915516086e+00
-2.885413640e+00
-3.005270971e+00
-3.217003338e+00
-3.446951872e+00
-3.632322317e+00
-3.735053083e+00
-3.741679701e+00
-3.656208239e+00
-3.494813878e+00
-3.285907086e+00
-3.071562898e+00
-2.902859179e+00
-2.825422919e+00
-2.859855584e+00
-2.988250935e+00
-3.157193445e+00
-3.299019166e+00
-3.361982909e+00
-3.333671970e+00
-3.244950297e+00
-3.152353320e+00
-3.108722002e+00
-3.137859597e+00
-3.225855937e+00
-3.331830397e+00
-3.410370725e+00
-3.432841198e+00
-3.397221153e+00
-3.323805557e+00
-3.241884177e+00
-3.176016738e+00
-3.138540917e+00
-3.129765422e+00
-3.142737275e+00
-3.168207644e+00
-3.197369949e+00
-3.222770876e+00
-3.239023830e+00
-3.243968214e+00
-3.239237314e+00
-3.228881652e+00
-3.216318146e+00
-3.201916904e+00
-3.183765517e+00
-3.161790310e+00
-3.142123621e+00
-3.137289884e+00
-3.160134257e+00
-3.214236230e+00
-3.287324413e+00
-3.353660787e+00
-3.386093117e+00
-3.371643345e+00
-3.320882267e+00
-3.263991764e+00
-3.234281684e+00
-3.248194142e+00
-3.293948403e+00
-3.336445694e+00
-3.336319077e+00
-3.272146158e+00
-3.152641807e+00
-3.011747955e+00
-2.890141492e+00
-2.814923888e+00
-2.789746580e+00
-2.800141267e+00
-2.828546753e+00
-2.867517830e+00
-2.921888425e+00
-2.999373706e+00
-3.097812486e+00
-3.199633738e+00
-3.278535132e+00
-3.314035379e+00
-3.303498970e+00
-3.262963304e+00
-3.216299862e+00
-3.180724473e+00
-3.159055575e+00
-3.143663206e+00
-3.127971515e+00
-3.115632802e+00
-3.119483894e+00
-3.150614851e+00
-3.206028603e+00
-3.265123865e+00
-3.299055415e+00
-3.287411866e+00
-3.230826666e+00
-3.150623174e+00
-3.075715450e+00
-3.026033676e+00
-3.003987485e+00
-2.999265700e+00
-3.002273464e+00
-3.015185725e+00
-3.051574861e+00
-3.124267324e+00
-3.230051012e+00
-3.342639470e+00
-3.420063304e+00
-3.423222600e+00
-3.335172624e+00
-3.170373464e+00
-2.969357737e+00
-2.782617620e+00
-2.652665386e+00
-2.602517417e+00
-2.633687168e+00
-2.731169112e+00
-2.870457793e+00
-3.023144712e+00
-3.160876934e+00
-3.259358308e+00
-3.303200504e+00
-3.290025094e+00
-3.230918488e+00
-3.145788997e+00
-3.055513052e+00
-2.975278922e+00
-2.912937811e+00
-2.872559639e+00
-2.859381374e+00
-2.881105965e+00
-2.943277637e+00
-3.041376546e+00
-3.155675265e+00
-3.254021827e+00
-3.302860016e+00
-3.281231876e+00
-3.190134896e+00
-3.052143361e+00
-2.901941164e+00
-2.773466304e+00
-2.690452181e+00
-2.663861701e+00
-2.694681667e+00
-2.777455864e+00
-2.900841078e+00
-3.045377579e+00
-3.182339415e+00
-3.277920684e+00
-3.303546262e+00
-3.248159255e+00
-3.125602337e+00
-2.971951340e+00
-2.833031190e+00
-2.747890153e+00
-2.736081326e+00
-2.793944080e+00
-2.899679197e+00
-3.022602245e+00
-3.131300538e+00
-3.198371749e+00
-3.203211669e+00
-3.135735613e+00
-3.001804699e+00
-2.827304249e+00
-2.655753059e+00
-2.536463800e+00
-2.505993368e+00
-2.571276323e+00
-2.704124687e+00
-2.851863527e+00
-2.960066038e+00
-2.995997132e+00
-2.960413604e+00
-2.881857233e+00
-2.797669709e+00
-2.733309584e+00
-2.691591399e+00
-2.656518837e+00
-2.607332380e+00
-2.533149204e+00
-2.439971782e+00
-2.347959510e+00
-2.282856029e+00
-2.267366121e+00
-2.315750410e+00
-2.431049070e+00
-2.602821260e+00
-2.805218830e+00
-2.998322147e+00
-3.136313878e+00
-3.182524221e+00
-3.125637353e+00
-2.987892531e+00
-2.818502913e+00
-2.673335244e+00
-2.590510166e+00
-2.575095947e+00
-2.601488187e+00
-2.631740761e+00
-2.638509438e+00
-2.618748180e+00
-2.590671656e+00
-2.577563666e+00
-2.590289459e+00
-2.620293018e+00
-2.646752348e+00
-2.651431589e+00
-2.629919193e+00
-2.591625082e+00
-2.549977958e+00
-2.511655795e+00
-2.473833956e+00
-2.431465580e+00
-2.388102702e+00
-2.360404582e+00
-2.370931150e+00
-2.432781107e+00
-2.536397492e+00
-2.648355341e+00
-2.724432928e+00
-2.730043307e+00
-2.656530948e+00
-2.524775477e+00
-2.375500274e+00
-2.252943870e+00
-2.190511766e+00
-2.203396215e+00
-2.287687352e+00
-2.422665207e+00
-2.574312342e+00
-2.701259115e+00
-2.765398536e+00
-2.746328685e+00
-2.653571266e+00
-2.527714836e+00
-2.424766117e+00
-2.386558496e+00
-2.409387668e+00
-2.427157452e+00
-2.320892903e+00
-1.955115295e+00
-1.228994809e+00
-1.228675402e-01
1.277905590e+00
2.790922208e+00
4.174253932e+00
5.182173879e+00
5.623904412e+00
5.410963260e+00
4.582032117e+00
3.298739623e+00
1.811360222e+00
4.006196993e-01
-6.903876306e-01
-1.314761582e+00
-1.452144335e+00
-1.200655703e+00
-7.341047237e-01
-2.414421277e-01
1.285097771e-01
2.984026954e-01
2.636450997e-01
7.125441500e-02
-2.084092705e-01
-5.034936014e-01
-7.512155358e-01
-9.012482623e-01
-9.193684654e-01
-7.950093016e-01
-5.492455864e-01
-2.353262066e-01
7.395514171e-02
3.100300928e-01
4.333904383e-01
4.468365052e-01
3.897468646e-01
3.162321048e-01
2.689969284e-01
2.627629007e-01
2.849442176e-01
3.108882074e-01
3.229314933e-01
3.215757806e-01
3.232682034e-01
3.480795948e-01
4.062357340e-01
4.917921582e-01
5.860155102e-01
6.666693756e-01
7.166824577e-01
7.278243754e-01
6.996602746e-01
6.373115866e-01
5.510535353e-01
4.574251509e-01
3.786038119e-01
3.372052594e-01
3.474170598e-01
4.074021617e-01
4.985442930e-01
5.932092969e-01
6.668893211e-01
7.073738658e-01
7.156996077e-01
6.996765814e-01
6.661465612e-01
6.185486705e-01
5.614147576e-01
5.069680310e-01
4.763051974e-01
4.912252336e-01
5.602994420e-01
6.686237771e-01
7.800393478e-01
8.531568614e-01
8.630414978e-01
8.155740087e-01
7.451391440e-01
6.964552480e-01
7.013775789e-01
7.645225595e-01
8.654130384e-01
9.737737929e-01
1.066358719e+00
1.133997526e+00
1.175944070e+00
1.188713183e+00
1.160772518e+00
1.079489191e+00
9.463017878e-01
7.881599417e-01
6.541821669e-01
5.961018585e-01
6.427138472e-01
7.837643026e-01
9.735556330e-01
1.152377897e+00
1.273065853e+00
1.317751154e+00
1.297280934e+00
1.237194221e+00
1.161604585e+00
1.085229190e+00
1.015911015e+00
9.617219901e-01
9.342008235e-01
9.438111114e-01
9.912075570e-01
1.062217932e+00
1.132145369e+00
1.177896080e+00
1.190116844e+00
1.176963108e+00
1.156872416e+00
1.145530429e+00
1.146275808e+00
1.150516744e+00
1.147348729e+00
1.134889837e+00
1.124660621e+00
1.135358414e+00
1.179947217e+00
1.254801631e+00
1.338475367e+00
1.401425639e+00
1.420960209e+00
1.392415590e+00
1.330109299e+00
1.258105213e+00
1.196981464e+00
1.154700877e+00
1.126391481e+00
1.101819355e+00
1.074685969e+00
1.047524076e+00
1.029723479e+00
1.031133267e+00
1.056261338e+00
1.102790811e+00
1.164350077e+00
1.234306692e+00
1.307183855e+00
1.377008525e+00
1.435083707e+00
1.470594451e+00
1.475227045e+00
1.449304215e+00
1.404798232e+00
1.361921599e+00
1.340145816e+00
1.348575635e+00
1.381577228e+00
1.422493330e+00
1.453123448e+00
1.462940584e+00
1.452408588e+00
1.429071672e+00
1.400281506e+00
1.368691398e+00
1.334161848e+00
1.300190496e+00
1.278618426e+00
1.286845684e+00
1.337280087e+00
1.425405619e+00
1.525484693e+00
1.598933752e+00
1.612164043e+00
1.553933666e+00
1.441976149e+00
1.315204448e+00
1.216553872e+00
1.176456375e+00
1.204995662e+00
1.294045057e+00
1.424456816e+00
1.572041886e+00
1.709886620e+00
1.809681815e+00
1.846525271e+00
1.808357775e+00
1.705443416e+00
1.572154286e+00
1.456236393e+00
1.398608915e+00
1.414269250e+00
1.486221070e+00
1.577601514e+00
