1.575173141e-01
2.018664311e-01
2.723505613e-01
3.766390254e-01
5.089783624e-01
6.482094527e-01
7.634407478e-01
8.257479208e-01
8.204138540e-01
7.531332224e-01
6.466303803e-01
5.297197534e-01
4.252348456e-01
3.433480855e-01
2.826691647e-01
2.363780196e-01
1.982495672e-01
1.650289530e-01
1.353113416e-01
1.077039943e-01
8.082073022e-02
5.530796894e-02
3.584972661e-02
3.072883673e-02
4.817129854e-02
9.106552025e-02
1.530822584e-01
2.188027358e-01
2.684343808e-01
2.852154158e-01
2.620783881e-01
2.044337249e-01
1.279103966e-01
5.244467181e-02
-4.229965012e-03
-3.081515283e-02
-2.332657492e-02
1.631979862e-02
8.197643488e-02
1.639233756e-01
2.489733610e-01
3.215771359e-01
3.669502179e-01
3.755173151e-01
3.465548067e-01
2.890177752e-01
2.190387562e-01
1.552479070e-01
1.137620745e-01
1.043253033e-01
1.283612476e-01
1.791907839e-01
2.443038262e-01
3.090417132e-01
3.604519705e-01
3.899461422e-01
3.940147320e-01
3.732476896e-01
3.305806637e-01
2.697532996e-01
1.947374552e-01
1.107484277e-01
2.735378636e-02
-3.608939747e-02
-4.278278003e-02
7.125535630e-02
4.089794216e-01
1.124830187e+00
2.432457997e+00
4.595884338e+00
7.888795135e+00
1.251260572e+01
1.848264470e+01
2.551771217e+01
3.298680819e+01
3.996182316e+01
4.539025620e+01
4.834920913e+01
4.829720510e+01
4.523016215e+01
3.968153841e+01
3.256908008e+01
2.495012502e+01
1.777505088e+01
1.171471245e+01
7.095927069e+00
3.934238221e+00
2.025687375e+00
1.055048229e+00
6.897331620e-01
6.446834725e-01
7.158591150e-01
7.864906333e-01
8.130560124e-01
7.993999135e-01
7.682454316e-01
7.387290287e-01
7.155737764e-01
6.904720410e-01
6.511850782e-01
5.913240605e-01
5.150237991e-01
4.347263739e-01
3.644372404e-01
3.127897035e-01
2.795096784e-01
2.565310691e-01
2.326272372e-01
1.989623289e-01
1.527264911e-01
9.701844939e-02
3.714762509e-02
-2.426796130e-02
-8.998523612e-02
-1.663171621e-01
-2.574933994e-01
-3.598044087e-01
-4.598394053e-01
-5.388376681e-01
-5.812523200e-01
-5.827261175e-01
-5.528394772e-01
-5.111386971e-01
-4.789301308e-01
-4.714619101e-01
-4.941710030e-01
-5.436794201e-01
-6.115313333e-01
-6.880153571e-01
-7.646715568e-01
-8.356513701e-01
-8.985656274e-01
-9.547992870e-01
-1.008600915e+00
-1.064528047e+00
-1.123932109e+00
-1.182163137e+00
-1.228244577e+00
-1.247804963e+00
-1.228537537e+00
-1.166061742e+00
-1.067437841e+00
-9.502544166e-01
-8.371861303e-01
-7.483389043e-01
-6.950510681e-01
-6.780068007e-01
-6.899233864e-01
-7.204846785e-01
-7.604322607e-01
-8.031338848e-01
-8.441429052e-01
-8.804071647e-01
-9.101809372e-01
-9.332387794e-01
-9.502171481e-01
-9.605811513e-01
-9.602348367e-01
-9.408045693e-01
-8.921333747e-01
-8.076510293e-01
-6.901757277e-01
-5.547722661e-01
-4.263139661e-01
-3.319773748e-01
-2.916430371e-01
-3.104874235e-01
-3.771201400e-01
-4.679482764e-01
-5.555514756e-01
-6.173135651e-01
-6.410662416e-01
-6.264761381e-01
-5.829650598e-01
-5.258893081e-01
-4.723071731e-01
-4.367679322e-01
-4.272602590e-01
-4.421156231e-01
-4.694962440e-01
-4.908599621e-01
-4.879916495e-01
-4.507936974e-01
-3.819032576e-01
-2.955764498e-01
-2.115159356e-01
-1.472064074e-01
-1.127786680e-01
-1.102113431e-01
-1.356178175e-01
-1.818031044e-01
-2.391771408e-01
-2.954057813e-01
-3.358137916e-01
-3.462086777e-01
-3.178198301e-01
-2.520059846e-01
-1.617969953e-01
-6.866524270e-02
4.609313278e-03
4.194933078e-02
3.921999868e-02
4.381642817e-03
-4.717366468e-02
-9.940600836e-02
-1.409739204e-01
-1.668031715e-01
-1.760627441e-01
-1.689030187e-01
-1.446855605e-01
-1.028586268e-01
-4.540020545e-02
2.140324276e-02
8.738171670e-02
1.409087041e-01
1.719067201e-01
1.741705164e-01
1.467267648e-01
9.447800251e-02
2.792751348e-02
-3.883246178e-02
-9.222681586e-02
-1.240855964e-01
-1.345402971e-01
-1.306245940e-01
-1.208983547e-01
-1.093829624e-01
-9.298159070e-02
-6.441511309e-02
-1.895737092e-02
3.942704915e-02
9.672338677e-02
1.336229217e-01
1.341891276e-01
9.407725456e-02
2.419239536e-02
-5.207443794e-02
-1.068992097e-01
-1.179491485e-01
-7.617031363e-02
1.136363923e-02
1.241291969e-01
2.348841754e-01
3.178737089e-01
3.558714768e-01
3.440593099e-01
2.898071902e-01
2.087492802e-01
1.188628241e-01
3.496466160e-02
-3.433324783e-02
-8.648722509e-02
-1.225022317e-01
-1.437601981e-01
-1.499677147e-01
-1.393101720e-01
-1.107890058e-01
-6.747602866e-02
-1.851586652e-02
2.217109676e-02
4.097442513e-02
3.148539323e-02
-6.610809629e-04
-3.854786823e-02
-6.107793205e-02
-5.330293337e-02
-1.447483489e-02
4.080922568e-02
8.916826501e-02
1.090948454e-01
8.997620003e-02
3.521603532e-02
-4.096738538e-02
-1.200752238e-01
-1.853882190e-01
-2.254813614e-01
-2.354378844e-01
-2.169417394e-01
-1.777167953e-01
-1.297956298e-01
-8.623877481e-02
-5.717176651e-02
-4.705332849e-02
-5.472364449e-02
-7.607848140e-02
-1.074305329e-01
-1.471093521e-01
-1.940515491e-01
-2.443203222e-01
-2.882700169e-01
-3.111776719e-01
-2.982678150e-01
-2.421475199e-01
-1.486325258e-01
-3.732665878e-02
6.393510807e-02
1.283320933e-01
1.388108061e-01
9.294202268e-02
2.810608690e-03
-1.090395628e-01
-2.157864159e-01
-2.930240325e-01
-3.246603997e-01
-3.067048535e-01
-2.477493609e-01
-1.657671536e-01
-8.228978910e-02
-1.624694445e-02
2.013434342e-02
2.216355892e-02
-9.166253925e-03
-6.985829562e-02
-1.545360378e-01
-2.562725160e-01
-3.653613313e-01
-4.685915207e-01
-5.503039580e-01
-5.954213411e-01
-5.935059400e-01
-5.423172211e-01
-4.494602073e-01
-3.313385814e-01
-2.095011301e-01
-1.053770371e-01
-3.504970324e-02
-5.780197108e-03
-1.531742002e-02
-5.390664916e-02
-1.079219509e-01
-1.636840839e-01
-2.103426729e-01
-2.413793853e-01
-2.549094361e-01
-2.532413517e-01
-2.420458160e-01
-2.291634649e-01
-2.228830859e-01
-2.297062425e-01
-2.521040474e-01
-2.871497125e-01
-3.267880490e-01
-3.599096350e-01
-3.757344545e-01
-3.676014389e-01
-3.360600307e-01
-2.900144273e-01
-2.447939775e-01
-2.169364949e-01
-2.172595128e-01
-2.454862644e-01
-2.897285905e-01
-3.317934512e-01
-3.557600688e-01
-3.550663567e-01
-3.342542046e-01
-3.050182419e-01
-2.797021689e-01
-2.663689708e-01
-2.676231596e-01
-2.823628234e-01
-3.080034613e-01
-3.413795170e-01
-3.784211601e-01
-4.139672052e-01
-4.427427488e-01
-4.611630062e-01
-4.685790027e-01
-4.667748044e-01
-4.577882979e-01
-4.414769961e-01
-4.146816226e-01
-3.729905326e-01
-3.144611302e-01
-2.432487148e-01
-1.708806026e-01
-1.140966083e-01
-8.999687980e-02
-1.104957028e-01
-1.780770884e-01
-2.839309434e-01
-4.086875463e-01
-5.257344639e-01
-6.070888912e-01
-6.311583759e-01
-5.902937431e-01
-4.948620986e-01
-3.710932005e-01
-2.525812453e-01
-1.687133094e-01
-1.351916969e-01
-1.507897881e-01
-2.010883087e-01
-2.663556341e-01
-3.291701515e-01
-3.785480735e-01
-4.100942450e-01
-4.240062246e-01
-4.232132556e-01
-4.126381144e-01
-3.989107335e-01
-3.892807328e-01
-3.893277295e-01
-4.004477471e-01
-4.187251534e-01
-4.361534426e-01
-4.438086382e-01
-4.355289485e-01
-4.105072048e-01
-3.738181567e-01
-3.347841212e-01
-3.038497798e-01
-2.891166272e-01
-2.937567272e-01
-3.151140167e-01
-3.455842778e-01
-3.747695677e-01
-3.922526034e-01
-3.904989655e-01
-3.674269745e-01
-3.278974334e-01
-2.831632890e-01
-2.477898860e-01
-2.347853177e-01
-2.509167700e-01
-2.944131133e-01
-3.561005183e-01
-4.231791883e-01
-4.835671567e-01
-5.288266598e-01
-5.549297783e-01
-5.614924182e-01
-5.506335382e-01
-5.261240099e-01
-4.926646646e-01
-4.548618481e-01
-4.160077659e-01
-3.774969833e-01
-3.397008382e-01
-3.040943750e-01
-2.751357740e-01
-2.600480193e-01
-2.658295036e-01
-2.948467028e-01
-3.417406242e-01
-3.939715690e-01
-4.362793216e-01
-4.569799068e-01
-4.528762684e-01
-4.302854198e-01
-4.017469834e-01
-3.801522552e-01
-3.731934108e-01
-3.806930217e-01
-3.958069707e-01
-4.091430916e-01
-4.135274573e-01
-4.071519369e-01
-3.940300452e-01
-3.821929184e-01
-3.808649678e-01
-3.976295259e-01
-4.359073174e-01
-4.928333711e-01
-5.581438653e-01
-6.153108785e-01
-6.458424514e-01
-6.360432640e-01
-5.835152561e-01
-4.998799726e-01
-4.076244842e-01
-3.320220192e-01
-2.918509187e-01
-2.932882448e-01
-3.294866860e-01
-3.852443276e-01
-4.437954675e-01
-4.923148418e-01
-5.241061024e-01
-5.375508114e-01
-5.335383128e-01
-5.135695432e-01
-4.799175896e-01
-4.375639221e-01
-3.960137824e-01
-3.686220032e-01
-3.683575100e-01
-4.014720131e-01
-4.626524510e-01
-5.351792799e-01
-5.969827592e-01
-6.298244837e-01
-6.266630379e-01
-5.932328727e-01
-5.434019683e-01
-4.915534878e-01
-4.465923618e-01
-4.105058501e-01
-3.811574174e-01
-3.565244013e-01
-3.373822776e-01
-3.271745159e-01
-3.298948237e-01
-3.477480714e-01
-3.798162153e-01
-4.218104172e-01
-4.664209631e-01
-5.042034069e-01
-5.256512207e-01
-5.249295727e-01
-5.042716079e-01
-4.763092890e-01
-4.614549672e-01
-4.798116133e-01
-5.408095658e-01
-6.361478972e-01
-7.405510636e-01
-8.207020438e-01
-8.481925018e-01
-8.103823607e-01
-7.146306757e-01
-5.849546184e-01
-4.533807792e-01
-3.496303465e-01
-2.924795800e-01
-2.850882387e-01
-3.153996020e-01
-3.614033592e-01
-3.995806892e-01
-4.136262294e-01
-4.002545044e-01
-3.699179274e-01
-3.422414403e-01
-3.380206306e-01
-3.708396508e-01
-4.413243334e-01
-5.359424521e-01
-6.306668733e-01
-6.983092612e-01
-7.172581857e-01
-6.788598264e-01
-5.908940299e-01
-4.756785131e-01
-3.631900726e-01
-2.815994312e-01
-2.487671157e-01
-2.678084414e-01
-3.279767307e-01
-4.098654732e-01
-4.924465447e-01
-5.592605269e-01
-6.018986850e-01
-6.201740143e-01
-6.195936899e-01
-6.076115216e-01
-5.903915662e-01
-5.712997773e-01
-5.512770911e-01
-5.302546436e-01
-5.084596182e-01
-4.869205997e-01
-4.672279735e-01
-4.510391812e-01
-4.397383322e-01
-4.343246886e-01
-4.353857967e-01
-4.430438165e-01
-4.569113211e-01
-4.761512914e-01
-4.996300432e-01
-5.259836086e-01
-5.533815989e-01
-5.789975902e-01
-5.986019544e-01
-6.069739040e-01
-5.996317861e-01
-5.756069304e-01
-5.399827912e-01
-5.043691455e-01
-4.840008000e-01
-4.918137366e-01
-5.319094636e-01
-5.959338330e-01
-6.649600723e-01
-7.165796746e-01
-7.337144937e-01
-7.104389625e-01
-6.519862742e-01
-5.699483572e-01
-4.766518217e-01
-3.825335352e-01
-2.972745897e-01
-2.320794056e-01
-1.995938298e-01
-2.101702717e-01
-2.665475383e-01
-3.607375231e-01
-4.756967649e-01
-5.912417830e-01
-6.909585793e-01
-7.663464166e-01
-8.162925618e-01
-8.429048959e-01
-8.469152820e-01
-8.259906119e-01
-7.772375141e-01
-7.021988633e-01
-6.106833513e-01
-5.202782644e-01
-4.511405385e-01
-4.187480682e-01
-4.285281185e-01
-4.748822411e-01
-5.443166478e-01
-6.203027501e-01
-6.874195981e-01
-7.338008814e-01
-7.523720439e-01
-7.416548874e-01
-7.061633292e-01
-6.556670027e-01
-6.027364656e-01
-5.589500785e-01
-5.311340618e-01
-5.192552574e-01
-5.169457068e-01
-5.145346417e-01
-5.034425234e-01
-4.802037519e-01
-4.484032658e-01
-4.175240834e-01
-3.989934617e-01
-4.010864615e-01
-4.250398249e-01
-4.642349731e-01
-5.068205555e-01
-5.404935270e-01
-5.572391829e-01
-5.560330863e-01
-5.425789029e-01
-5.264860386e-01
-5.172845633e-01
-5.209799570e-01
-5.384331851e-01
-5.659681386e-01
-5.976678883e-01
-6.281888379e-01
-6.547903208e-01
-6.776731963e-01
-6.985397687e-01
-7.182401741e-01
-7.349589748e-01
-7.441486057e-01
-7.403412917e-01
-7.197617641e-01
-6.822516190e-01
-6.317240875e-01
-5.754974290e-01
-5.232882550e-01
-4.859941043e-01
-4.735184970e-01
-4.911053659e-01
-5.352643489e-01
-5.920650178e-01
-6.404300093e-01
-6.604012886e-01
-6.427415368e-01
-5.944157653e-01
-5.362075476e-01
-4.931456756e-01
-4.826870448e-01
-5.069051308e-01
-5.525037242e-01
-5.980081655e-01
-6.238200187e-01
-6.199908927e-01
-5.886169637e-01
-5.409828218e-01
-4.919227696e-01
-4.542798383e-01
-4.352668149e-01
-4.351859434e-01
-4.482168439e-01
-4.648199142e-01
-4.752015526e-01
-4.729550573e-01
-4.576620119e-01
-4.353439000e-01
-4.163471604e-01
-4.112824186e-01
-4.265710691e-01
-4.615271224e-01
-5.083945596e-01
-5.553938561e-01
-5.912185905e-01
-6.086122368e-01
-6.053824692e-01
-5.831001283e-01
-5.453438179e-01
-4.973108255e-01
-4.468873159e-01
-4.053489320e-01
-3.855398991e-01
-3.971584830e-01
-4.413584084e-01
-5.081761479e-01
-5.791180420e-01
-6.342251407e-01
-6.600784032e-01
-6.544545214e-01
-6.252586776e-01
-5.847704771e-01
-5.429812215e-01
-5.041018148e-01
-4.679657676e-01
-4.345957757e-01
-4.080028599e-01
-3.959077081e-01
-4.051381674e-01
-4.358291453e-01
-4.788020485e-01
-5.186388058e-01
-5.411772653e-01
-5.410085232e-01
-5.242366823e-01
-5.045742789e-01
-4.950125755e-01
-5.001411917e-01
-5.138621970e-01
-5.239371885e-01
-5.205861691e-01
-5.038371706e-01
-4.850316266e-01
-4.813531049e-01
-5.063533646e-01
-5.617754062e-01
-6.352270867e-01
-7.049755855e-01
-7.492709316e-01
-7.553614153e-01
-7.239002295e-01
-6.672534518e-01
-6.034799951e-01
-5.495073254e-01
-5.164703556e-01
-5.081437879e-01
-5.215884730e-01
-5.487231843e-01
-5.782905445e-01
-5.984110088e-01
-5.997373640e-01
-5.784145471e-01
-5.376144487e-01
-4.869155998e-01
-4.397852686e-01
-4.100322516e-01
-4.080531320e-01
-4.375098920e-01
-4.932756718e-01
-5.618127140e-01
-6.247897702e-01
-6.653488032e-01
-6.747150295e-01
-6.560925624e-01
-6.237110485e-01
-5.970396899e-01
-5.923955063e-01
-6.154122918e-01
-6.576668690e-01
-6.992521676e-01
-7.166811058e-01
-6.930496140e-01
-6.260444519e-01
-5.300574431e-01
-4.312652962e-01
-3.577831549e-01
-3.291905535e-01
-3.498034527e-01
-4.081863077e-01
-4.826390626e-01
-5.500077487e-01
-5.940334360e-01
-6.099089799e-01
-6.035444152e-01
-5.865009489e-01
-5.695205139e-01
-5.580364668e-01
-5.516953608e-01
-5.474570293e-01
-5.436875283e-01
-5.421493370e-01
-5.463386758e-01
-5.573417880e-01
-5.704992026e-01
-5.760659446e-01
-5.644818386e-01
-5.333763318e-01
-4.915376237e-01
-4.564425031e-01
-4.459574431e-01
-4.687998010e-01
-5.194401041e-01
-5.804793967e-01
-6.309591550e-01
-6.556557073e-01
-6.503054339e-01
-6.206782721e-01
-5.772821164e-01
-5.297279469e-01
-4.841865670e-01
-4.446079507e-01
-4.154880300e-01
-4.029837613e-01
-4.127461063e-01
-4.457326391e-01
-4.952195290e-01
-5.476980170e-01
-5.877174869e-01
-6.040672977e-01
-5.939507489e-01
-5.633233543e-01
-5.239288804e-01
-4.889869676e-01
-4.693014298e-01
-4.705243120e-01
-4.916399281e-01
-5.249024856e-01
-5.578639475e-01
-5.777779943e-01
-5.772620205e-01
-5.585269110e-01
-5.332492076e-01
-5.171003318e-01
-5.212294077e-01
-5.453823751e-01
-5.768014949e-01
-5.955529646e-01
-5.827948099e-01
-5.267547987e-01
-4.231771042e-01
-2.712414353e-01
-6.932852557e-02
1.848771172e-01
4.885903482e-01
8.253518542e-01
1.159364985e+00
1.438024109e+00
1.604315746e+00
1.615565177e+00
1.460819512e+00
1.168550042e+00
8.002259600e-01
4.319150194e-01
1.317058555e-01
-5.787859545e-02
-1.267486601e-01
-9.336013799e-02
5.695191392e-03
1.275922868e-01
2.335605463e-01
2.966537193e-01
3.067622628e-01
2.719243668e-01
2.145952973e-01
1.628489091e-01
1.391950313e-01
1.518464324e-01
1.928102911e-01
2.437672752e-01
2.862761360e-01
3.103844655e-01
3.170296612e-01
3.138131156e-01
3.078707876e-01
3.008418430e-01
2.887974830e-01
2.663505472e-01
2.316911353e-01
1.893335333e-01
1.492601444e-01
1.232476150e-01
1.202659188e-01
1.428380130e-01
1.856377758e-01
2.368031466e-01
2.815892109e-01
3.071983617e-01
3.071508589e-01
2.836234349e-01
2.467940631e-01
2.112143332e-01
1.903525117e-01
1.913741419e-01
2.124390933e-01
2.438551564e-01
2.725307376e-01
2.873735389e-01
2.828892936e-01
2.596449786e-01
2.224278594e-01
1.781307820e-01
1.347344045e-01
1.010105337e-01
8.546935953e-02
9.370470995e-02
1.251040869e-01
1.712149743e-01
2.176070491e-01
2.490281930e-01
2.554813828e-01
2.360957497e-01
1.988342137e-01
1.563815658e-01
1.205389365e-01
9.796882858e-02
8.902549350e-02
8.950683175e-02
9.371248902e-02
9.698385347e-02
9.679414212e-02
9.258916833e-02
8.511406181e-02
7.572662154e-02
6.570392415e-02
5.542497851e-02
4.370712908e-02
2.802350118e-02
6.173673779e-03
-2.100733619e-02
-4.757545145e-02
-6.314946693e-02
-5.724796083e-02
-2.573380539e-02
2.435562870e-02
7.531992980e-02
1.056594648e-01
1.003486351e-01
5.905100980e-02
-2.415895304e-03
-5.838069471e-02
-8.419287708e-02
-6.632001562e-02
-7.205080593e-03
7.658603586e-02
1.612283891e-01
2.240466247e-01
2.501378077e-01
2.354058298e-01
1.860661667e-01
1.158524441e-01
4.221003648e-02
-1.787100025e-02
-5.210914719e-02
-5.655446264e-02
-3.708050213e-02
-7.287044966e-03
1.712148004e-02
2.518491449e-02
1.527168980e-02
-5.060151775e-03
-2.365419502e-02
-3.000137557e-02
-1.972810414e-02
4.583670081e-03
3.581355970e-02
6.594994988e-02
8.891778882e-02
1.016447476e-01
1.036786937e-01
9.625712352e-02
8.151812438e-02
6.201328827e-02
4.040182888e-02
1.928815133e-02
1.243821968e-03
-1.118846293e-02
-1.602641451e-02
-1.319761311e-02
-6.039639674e-03
-1.415053977e-03
-7.258560902e-03
-2.815436079e-02
-6.147276553e-02
-9.690314259e-02
-1.203220858e-01
-1.201254092e-01
-9.253454236e-02
-4.308161539e-02
1.619815176e-02
7.207543085e-02
1.152126504e-01
1.428255993e-01
1.580573531e-01
1.666652048e-01
1.727648754e-01
1.758471989e-01
1.707734107e-01
1.509855172e-01
1.133478596e-01
6.187548483e-02
7.906661576e-03
-3.393531680e-02
-5.224394668e-02
-4.438800358e-02
-1.790352322e-02
1.334964385e-02
3.632428622e-02
4.523570512e-02
4.366783042e-02
4.126192703e-02
4.713640186e-02
6.400639723e-02
8.634757912e-02
1.034516158e-01
1.054697860e-01
8.905632894e-02
5.961425842e-02
2.902213280e-02
1.007310809e-02
1.054519998e-02
3.001651336e-02
6.111840417e-02
9.459930656e-02
1.255594384e-01
