2.317377944e-01
2.963701610e-01
3.505282303e-01
4.032651870e-01
4.636071360e-01
5.328764335e-01
6.001026679e-01
6.447696414e-01
6.471743871e-01
6.010870584e-01
5.204617569e-01
4.347022614e-01
3.742559579e-01
3.550214203e-01
3.710730247e-01
3.995999562e-01
4.139528991e-01
3.962718794e-01
3.431639588e-01
2.638526448e-01
1.748621683e-01
9.530371865e-02
4.348926588e-02
3.307584581e-02
6.796900494e-02
1.384370783e-01
2.223970705e-01
2.932566167e-01
3.307889463e-01
3.286558087e-01
2.942228473e-01
2.417638528e-01
1.845065726e-01
1.307592144e-01
8.518479777e-02
5.207046208e-02
3.667595471e-02
4.349231354e-02
7.345181684e-02
1.228051267e-01
1.843416085e-01
2.493399083e-01
3.085078795e-01
3.521281924e-01
3.713078836e-01
3.615073146e-01
3.267762228e-01
2.810247520e-01
2.436478530e-01
2.306732090e-01
2.463711647e-01
2.807390835e-01
3.147554337e-01
3.302829531e-01
3.186704804e-01
2.833954454e-01
2.362610093e-01
1.904759155e-01
1.548580995e-01
1.314608166e-01
1.163375438e-01
1.021244263e-01
8.188303461e-02
5.466514819e-02
3.307900273e-02
5.201837833e-02
1.772104909e-01
5.130228495e-01
1.209371235e+00
2.464880489e+00
4.517426866e+00
7.608447572e+00
1.191139178e+01
1.743147267e+01
2.390818446e+01
3.076933960e+01
3.718008393e+01
4.219765504e+01
4.499512880e+01
4.507990799e+01
4.242746681e+01
3.748269554e+01
3.103381157e+01
2.401021456e+01
1.727496852e+01
1.147112328e+01
6.950968373e+00
3.785774027e+00
1.832392340e+00
8.251564216e-01
4.640627187e-01
4.793370814e-01
6.647158259e-01
8.834013999e-01
1.057715966e+00
1.153797224e+00
1.167827100e+00
1.114748347e+00
1.018128069e+00
9.010919083e-01
7.801522193e-01
6.634266417e-01
5.522950662e-01
4.436779430e-01
3.310448837e-01
2.051573826e-01
5.724936497e-02
-1.144058401e-01
-2.976317320e-01
-4.647893206e-01
-5.801439764e-01
-6.141124882e-01
-5.571626306e-01
-4.255664118e-01
-2.558845899e-01
-9.162271061e-02
3.066563360e-02
8.971320637e-02
8.077065634e-02
1.236917531e-02
-9.782097703e-02
-2.265532607e-01
-3.488997820e-01
-4.435574482e-01
-4.985332648e-01
-5.141812056e-01
-5.011650443e-01
-4.741535534e-01
-4.452263147e-01
-4.210832502e-01
-4.048424331e-01
-3.993361486e-01
-4.079298104e-01
-4.318580964e-01
-4.670925289e-01
-5.048735796e-01
-5.369214427e-01
-5.616853704e-01
-5.861769912e-01
-6.209637721e-01
-6.714380195e-01
-7.318146396e-01
-7.865183339e-01
-8.181327284e-01
-8.164086850e-01
-7.826099642e-01
-7.274622985e-01
-6.655283025e-01
-6.103155832e-01
-5.722848355e-01
-5.587617901e-01
-5.735875309e-01
-6.157947988e-01
-6.786619381e-01
-7.508189321e-01
-8.193797734e-01
-8.732698656e-01
-9.049714778e-01
-9.107099791e-01
-8.905783832e-01
-8.494781178e-01
-7.976076992e-01
-7.480762958e-01
-7.109429380e-01
-6.866086807e-01
-6.636828796e-01
-6.245329178e-01
-5.564675002e-01
-4.618600528e-01
-3.604087403e-01
-2.815904694e-01
-2.516464790e-01
-2.825125604e-01
-3.680473286e-01
-4.878306778e-01
-6.147735382e-01
-7.223378159e-01
-7.895209945e-01
-8.040590327e-01
-7.645082133e-01
-6.805116271e-01
-5.698609916e-01
-4.523782563e-01
-3.432292187e-01
-2.495148690e-01
-1.721904172e-01
-1.115197438e-01
-7.144071637e-02
-5.894669552e-02
-7.858714339e-02
-1.263377208e-01
-1.879646341e-01
-2.438024379e-01
-2.771466249e-01
-2.810146674e-01
-2.596162971e-01
-2.248189607e-01
-1.907524084e-01
-1.694438818e-01
-1.680978915e-01
-1.871392474e-01
-2.189371238e-01
-2.488679570e-01
-2.603464024e-01
-2.426759693e-01
-1.972450614e-01
-1.372384591e-01
-7.995011482e-02
-3.632589893e-02
-4.932430274e-03
2.534942654e-02
6.593834469e-02
1.192873379e-01
1.760764922e-01
2.201266158e-01
2.369158181e-01
2.200105952e-01
1.725138324e-01
1.047092927e-01
3.083454331e-02
-3.353900949e-02
-7.436895544e-02
-8.334970552e-02
-6.226017385e-02
-2.394863879e-02
1.276268988e-02
3.280012395e-02
3.341601380e-02
2.545791864e-02
2.578983540e-02
4.570241362e-02
8.321068506e-02
1.243231384e-01
1.518638665e-01
1.553439841e-01
1.354524303e-01
1.013890480e-01
6.440678939e-02
3.262524284e-02
9.801014487e-03
-2.977628295e-03
-5.475821708e-03
1.952396839e-03
1.764952519e-02
3.846323901e-02
6.056924851e-02
8.036371863e-02
9.442617924e-02
9.894735976e-02
9.012840485e-02
6.631320198e-02
3.046927545e-02
-9.674087085e-03
-4.520707884e-02
-7.147783199e-02
-9.121372545e-02
-1.122187162e-01
-1.406007909e-01
-1.743402927e-01
-2.023003293e-01
-2.099665922e-01
-1.882101679e-01
-1.391932445e-01
-7.585883953e-02
-1.618316995e-02
2.345629456e-02
3.219243113e-02
5.650492456e-03
-5.372841410e-02
-1.355620823e-01
-2.211164335e-01
-2.867458550e-01
-3.122058482e-01
-2.903533458e-01
-2.319609658e-01
-1.614093436e-01
-1.049180702e-01
-7.822676049e-02
-8.100233096e-02
-1.004203057e-01
-1.202310241e-01
-1.288898043e-01
-1.225957034e-01
-1.037466181e-01
-7.819377926e-02
-5.377455147e-02
-3.963286653e-02
-4.423860251e-02
-7.150012447e-02
-1.172954904e-01
-1.698468839e-01
-2.150085530e-01
-2.434934758e-01
-2.549574859e-01
-2.558458977e-01
-2.526094100e-01
-2.455196284e-01
-2.279040524e-01
-1.915337274e-01
-1.343898836e-01
-6.546687411e-02
-3.449318145e-03
3.000465547e-02
1.888827707e-02
-4.038660024e-02
-1.364282220e-01
-2.452656977e-01
-3.373077530e-01
-3.872177920e-01
-3.834217464e-01
-3.329004296e-01
-2.581127153e-01
-1.867622679e-01
-1.395708704e-01
-1.228606319e-01
-1.297944963e-01
-1.483755525e-01
-1.700269000e-01
-1.930195582e-01
-2.196285775e-01
-2.507763185e-01
-2.831879060e-01
-3.111273931e-01
-3.305456249e-01
-3.416652993e-01
-3.479072948e-01
-3.525635788e-01
-3.564578097e-01
-3.584878193e-01
-3.579062624e-01
-3.554642955e-01
-3.518164862e-01
-3.446786282e-01
-3.281282857e-01
-2.960710110e-01
-2.481642469e-01
-1.936459623e-01
-1.493119444e-01
-1.320148113e-01
-1.502323748e-01
-2.000093152e-01
-2.673244155e-01
-3.344747938e-01
-3.860604471e-01
-4.118668773e-01
-4.072775373e-01
-3.734846149e-01
-3.183811276e-01
-2.564614123e-01
-2.054162908e-01
-1.795357240e-01
-1.834468618e-01
-2.106868027e-01
-2.486635210e-01
-2.867859214e-01
-3.219262284e-01
-3.573018284e-01
-3.959581803e-01
-4.342584826e-01
-4.607951349e-01
-4.620047421e-01
-4.307929825e-01
-3.723972984e-01
-3.037770689e-01
-2.470835400e-01
-2.209991059e-01
-2.340780662e-01
-2.822899585e-01
-3.507765942e-01
-4.187590857e-01
-4.663135620e-01
-4.813283817e-01
-4.641309270e-01
-4.271505495e-01
-3.888142027e-01
-3.642586422e-01
-3.580349944e-01
-3.632991662e-01
-3.678753031e-01
-3.628671455e-01
-3.478500942e-01
-3.294857052e-01
-3.154262668e-01
-3.086067306e-01
-3.060649832e-01
-3.024472538e-01
-2.948336911e-01
-2.851560515e-01
-2.790124626e-01
-2.825088935e-01
-2.995159309e-01
-3.303578904e-01
-3.713667758e-01
-4.146777510e-01
-4.488912276e-01
-4.619245905e-01
-4.461205690e-01
-4.032165051e-01
-3.455265273e-01
-2.914084466e-01
-2.569383951e-01
-2.486862788e-01
-2.619771158e-01
-2.852591014e-01
-3.071488420e-01
-3.215381955e-01
-3.284299047e-01
-3.316081641e-01
-3.358881037e-01
-3.456196186e-01
-3.640519754e-01
-3.924309929e-01
-4.288424347e-01
-4.681751878e-01
-5.042296346e-01
-5.329426511e-01
-5.540201597e-01
-5.690296423e-01
-5.770331784e-01
-5.715937707e-01
-5.427537107e-01
-4.840175393e-01
-4.000477947e-01
-3.092191696e-01
-2.379644075e-01
-2.092367659e-01
-2.315624815e-01
-2.950317173e-01
-3.762702218e-01
-4.490527173e-01
-4.944670222e-01
-5.059311016e-01
-4.882836089e-01
-4.534262026e-01
-4.155278318e-01
-3.871664150e-01
-3.762584880e-01
-3.838163185e-01
-4.038165835e-01
-4.266183425e-01
-4.452325462e-01
-4.607362031e-01
-4.822901366e-01
-5.202813955e-01
-5.763376675e-01
-6.371867222e-01
-6.775210265e-01
-6.711543025e-01
-6.042193578e-01
-4.830700835e-01
-3.333039496e-01
-1.915356812e-01
-9.434518159e-02
-6.816278000e-02
-1.218722653e-01
-2.431467980e-01
-4.001386107e-01
-5.499539763e-01
-6.526483575e-01
-6.854791715e-01
-6.503643550e-01
-5.704029287e-01
-4.775928951e-01
-3.990370618e-01
-3.490306639e-01
-3.295562507e-01
-3.359017157e-01
-3.618275326e-01
-4.010803474e-01
-4.462729939e-01
-4.883206009e-01
-5.182627270e-01
-5.303417892e-01
-5.237705452e-01
-5.019553179e-01
-4.704275497e-01
-4.357132502e-01
-4.058411636e-01
-3.907760930e-01
-4.003763640e-01
-4.395410315e-01
-5.033782519e-01
-5.765421265e-01
-6.387351201e-01
-6.740341229e-01
-6.784705647e-01
-6.608845848e-01
-6.363514071e-01
-6.164482833e-01
-6.026746036e-01
-5.869906459e-01
-5.584985867e-01
-5.113794492e-01
-4.489692554e-01
-3.820547906e-01
-3.234003925e-01
-2.823636774e-01
-2.624191458e-01
-2.619331442e-01
-2.767063099e-01
-3.025459035e-01
-3.368459646e-01
-3.788040208e-01
-4.282135148e-01
-4.832290548e-01
-5.383471503e-01
-5.843813886e-01
-6.114115999e-01
-6.135529439e-01
-5.924870336e-01
-5.569621827e-01
-5.182302911e-01
-4.845968452e-01
-4.590530933e-01
-4.413397776e-01
-4.318778714e-01
-4.333530952e-01
-4.480683905e-01
-4.735207032e-01
-5.009630760e-01
-5.195630634e-01
-5.237976288e-01
-5.183289078e-01
-5.160004663e-01
-5.298284238e-01
-5.645741199e-01
-6.137415777e-01
-6.635669314e-01
-7.004819250e-01
-7.167734220e-01
-7.116903598e-01
-6.892956557e-01
-6.562062710e-01
-6.207911329e-01
-5.925798812e-01
-5.797900190e-01
-5.850164410e-01
-6.020579955e-01
-6.173634654e-01
-6.166178161e-01
-5.928365854e-01
-5.506091573e-01
-5.035268007e-01
-4.665757866e-01
-4.486371382e-01
-4.496777339e-01
-4.634387763e-01
-4.826033458e-01
-5.024606891e-01
-5.212798795e-01
-5.386571134e-01
-5.543036200e-01
-5.683637071e-01
-5.821090993e-01
-5.971406174e-01
-6.128049741e-01
-6.238348067e-01
-6.208752881e-01
-5.946869171e-01
-5.418856154e-01
-4.685940752e-01
-3.895975721e-01
-3.234884299e-01
-2.865359037e-01
-2.881063972e-01
-3.288136815e-01
-4.009153719e-01
-4.900701477e-01
-5.781871851e-01
-6.474665480e-01
-6.850336861e-01
-6.864086580e-01
-6.558781656e-01
-6.034154782e-01
-5.401480160e-01
-4.754431675e-01
-4.172260977e-01
-3.741506235e-01
-3.563444355e-01
-3.725781027e-01
-4.251236365e-01
-5.062535442e-01
-5.996598600e-01
-6.863725260e-01
-7.512252174e-01
-7.857597005e-01
-7.868477881e-01
-7.540993633e-01
-6.897457166e-01
-6.015392603e-01
-5.053167682e-01
-4.230852521e-01
-3.758320840e-01
-3.748786633e-01
-4.173386636e-01
-4.884781695e-01
-5.688769339e-01
-6.414157971e-01
-6.944283428e-01
-7.212152730e-01
-7.188393963e-01
-6.884749349e-01
-6.367277743e-01
-5.754183226e-01
-5.183101413e-01
-4.761599616e-01
-4.533711065e-01
-4.485373988e-01
-4.581088695e-01
-4.800219423e-01
-5.144762937e-01
-5.616900955e-01
-6.190275393e-01
-6.801974221e-01
-7.371894878e-01
-7.831890961e-01
-8.140462164e-01
-8.274475990e-01
-8.212048745e-01
-7.929028660e-01
-7.417799452e-01
-6.714165831e-01
-5.907556959e-01
-5.122115443e-01
-4.480452231e-01
-4.075302881e-01
-3.964058096e-01
-4.176927920e-01
-4.715457587e-01
-5.529747831e-01
-6.490784931e-01
-7.391626431e-01
-7.997757011e-01
-8.130058309e-01
-7.734148615e-01
-6.894708202e-01
-5.791246535e-01
-4.631474343e-01
-3.606187510e-01
-2.879784920e-01
-2.592110552e-01
-2.837510314e-01
-3.616133374e-01
-4.792732367e-01
-6.108764475e-01
-7.259970701e-01
-8.001204951e-01
-8.218066840e-01
-7.931217237e-01
-7.250223271e-01
-6.323706565e-01
-5.317326168e-01
-4.410373511e-01
-3.778453614e-01
-3.547228864e-01
-3.741289593e-01
-4.270767639e-01
-4.974069501e-01
-5.688980464e-01
-6.300755596e-01
-6.738838055e-01
-6.942850872e-01
-6.846995521e-01
-6.412193318e-01
-5.685096651e-01
-4.829331644e-01
-4.088974410e-01
-3.695254146e-01
-3.771007807e-01
-4.288214387e-01
-5.095078759e-01
-5.985368747e-01
-6.767085330e-01
-7.304192891e-01
-7.531480134e-01
-7.454534516e-01
-7.140345707e-01
-6.694526597e-01
-6.224049128e-01
-5.798768654e-01
-5.434881073e-01
-5.114500589e-01
-4.830351491e-01
-4.622310475e-01
-4.573308304e-01
-4.759255479e-01
-5.183073440e-01
-5.739714505e-01
-6.242484116e-01
-6.501107809e-01
-6.407346907e-01
-5.979882990e-01
-5.348620034e-01
-4.696507888e-01
-4.195836434e-01
-3.965475998e-01
-4.051344439e-01
-4.419491574e-01
-4.959186780e-01
-5.507353096e-01
-5.902699329e-01
-6.053292937e-01
-5.977356047e-01
-5.782763218e-01
-5.590811971e-01
-5.454559361e-01
-5.331173109e-01
-5.128646069e-01
-4.789812664e-01
-4.348843033e-01
-3.920221243e-01
-3.634665590e-01
-3.573190154e-01
-3.741425898e-01
-4.086412195e-01
-4.527600458e-01
-4.977855599e-01
-5.356199904e-01
-5.608379005e-01
-5.736689801e-01
-5.814405961e-01
-5.956082555e-01
-6.245849434e-01
-6.667130672e-01
-7.088841735e-01
-7.328084799e-01
-7.252770130e-01
-6.856066725e-01
-6.255054151e-01
-5.621558817e-01
-5.098258616e-01
-4.753265997e-01
-4.587010779e-01
-4.564143037e-01
-4.635021314e-01
-4.737361349e-01
-4.798427521e-01
-4.760394975e-01
-4.623730084e-01
-4.473710240e-01
-4.455106828e-01
-4.694725695e-01
-5.214139240e-01
-5.889899424e-01
-6.491714663e-01
-6.779553313e-01
-6.604692961e-01
-5.962109833e-01
-4.977353459e-01
-3.851370674e-01
-2.802645092e-01
-2.030569884e-01
-1.695757735e-01
-1.898717421e-01
-2.649378086e-01
-3.842998980e-01
-5.268081026e-01
-6.656304220e-01
-7.755537973e-01
-8.390746060e-01
-8.489057828e-01
-8.073241901e-01
-7.245604658e-01
-6.176146338e-01
-5.085926899e-01
-4.206330527e-01
-3.712360717e-01
-3.658929841e-01
-3.961897411e-01
-4.442792895e-01
-4.913268269e-01
-5.248439107e-01
-5.410630240e-01
-5.424970157e-01
-5.340215771e-01
-5.206369906e-01
-5.072625191e-01
-4.986313644e-01
-4.978570723e-01
-5.046742160e-01
-5.157338915e-01
-5.277809650e-01
-5.414012750e-01
-5.616337211e-01
-5.939869795e-01
-6.385894343e-01
-6.874455354e-01
-7.276824337e-01
-7.487829485e-01
-7.483396133e-01
-7.319443143e-01
-7.076089011e-01
-6.795137113e-01
-6.461757212e-01
-6.041732733e-01
-5.538431317e-01
-5.018873742e-01
-4.586706481e-01
-4.324986361e-01
-4.254284311e-01
-4.334517708e-01
-4.500509986e-01
-4.696811755e-01
-4.886289345e-01
-5.036921974e-01
-5.111878452e-01
-5.080728180e-01
-4.944137008e-01
-4.747060520e-01
-4.563321126e-01
-4.459566435e-01
-4.464909916e-01
-4.567320907e-01
-4.734730073e-01
-4.939419448e-01
-5.165449577e-01
-5.397815916e-01
-5.609970884e-01
-5.766626107e-01
-5.842014678e-01
-5.836801425e-01
-5.776351839e-01
-5.689954716e-01
-5.588761008e-01
-5.461754522e-01
-5.291718124e-01
-5.073399882e-01
-4.814133765e-01
-4.516839724e-01
-4.168172521e-01
-3.755818265e-01
-3.312082421e-01
-2.947783639e-01
-2.834173794e-01
-3.124350480e-01
-3.856041167e-01
-4.901280704e-01
-6.000244311e-01
-6.855521582e-01
-7.220068973e-01
-6.925293560e-01
-5.854976228e-01
-3.923358191e-01
-1.112451518e-01
2.435949170e-01
6.342938140e-01
1.001094933e+00
1.276351333e+00
1.405165904e+00
1.362943172e+00
1.162398455e+00
8.489129720e-01
4.883262835e-01
1.521930118e-01
-9.661710429e-02
-2.168086654e-01
-1.981881535e-01
-6.438028964e-02
1.341468004e-01
3.357503303e-01
4.861784371e-01
5.524182470e-01
5.271335539e-01
4.245079509e-01
2.722093005e-01
1.039500650e-01
-4.607771742e-02
-1.482776908e-01
-1.833489596e-01
-1.472899098e-01
-5.269028385e-02
7.557253313e-02
2.088551505e-01
3.234478804e-01
4.055520533e-01
4.513421091e-01
4.639103482e-01
4.499375494e-01
4.176901307e-01
3.759766649e-01
3.328776307e-01
2.939150907e-01
2.607185371e-01
2.315636072e-01
2.038810133e-01
1.770343134e-01
1.530975585e-01
1.348269209e-01
1.224808045e-01
1.124615683e-01
9.953487289e-02
8.138377508e-02
6.196097440e-02
5.064618807e-02
5.736898569e-02
8.702574190e-02
1.369588128e-01
1.986188042e-01
2.612516279e-01
3.145446698e-01
3.492772038e-01
3.577565098e-01
3.361292374e-01
2.880163434e-01
2.260850841e-01
1.685011419e-01
1.310970527e-01
1.202014103e-01
1.313370892e-01
1.546750750e-01
1.827996982e-01
2.146993974e-01
2.533726946e-01
2.998557442e-01
3.490692644e-01
3.907023809e-01
4.138424630e-01
4.114417804e-01
3.819221204e-01
3.283887521e-01
2.576370199e-01
1.799524217e-01
1.084108123e-01
5.586862716e-02
2.996604384e-02
2.916900450e-02
4.322668343e-02
5.861646185e-02
6.579172527e-02
6.355658808e-02
5.798355091e-02
5.724610878e-02
6.637144578e-02
8.531163345e-02
1.107152981e-01
1.390064764e-01
1.679774470e-01
1.960216513e-01
2.204325217e-01
2.368802430e-01
2.408748080e-01
2.301073386e-01
2.057971221e-01
1.721357945e-01
1.345853864e-01
9.855607794e-02
6.920020829e-02
5.159225847e-02
4.998992898e-02
6.589490854e-02
9.630676173e-02
1.341038068e-01
1.710270782e-01
2.013838341e-01
2.235566897e-01
2.379785661e-01
2.433192070e-01
2.345177002e-01
2.050773675e-01
1.524913302e-01
8.275587573e-02
1.023447118e-02
-4.749838259e-02
-7.658965227e-02
-7.147692048e-02
-3.526054568e-02
2.276995400e-02
8.988911193e-02
1.518374226e-01
1.948306224e-01
2.088645339e-01
1.915085089e-01
1.494106813e-01
9.536107146e-02
4.204717801e-02
-3.256302484e-03
-3.907270110e-02
-6.510208609e-02
-7.687944999e-02
-6.488879000e-02
-1.971906038e-02
6.023223784e-02
1.642314063e-01
2.711840426e-01
3.567110421e-01
4.009388569e-01
3.934538768e-01
3.349361574e-01
2.369595802e-01
1.207022374e-01
1.341287874e-02
-5.868008810e-02
-7.973185306e-02
-5.142511828e-02
7.031904920e-03
6.735592513e-02
1.050172093e-01
1.093747324e-01
8.584375870e-02
5.007153300e-02
1.882685875e-02
3.228228555e-03
6.987175386e-03
2.840821127e-02
6.309635497e-02
1.054756534e-01
1.494835316e-01
1.897305562e-01
2.232795829e-01
2.505222657e-01
2.735299196e-01
2.922587017e-01
3.013971501e-01
2.910467835e-01
2.519911637e-01
1.827250045e-01
9.357135536e-02
4.740000947e-03
-6.097850138e-02
-8.688953726e-02
-6.797903355e-02
-1.125039033e-02
6.832598761e-02
1.537753881e-01
