1.672123603e+00
1.522402153e+00
1.432258914e+00
1.494857209e+00
1.767779812e+00
2.251724357e+00
2.888393483e+00
3.575561989e+00
4.192142691e+00
4.625193632e+00
4.792884696e+00
4.660097821e+00
4.245027138e+00
3.615922451e+00
2.878000922e+00
2.152300963e+00
1.550599763e+00
1.152330448e+00
9.895463829e-01
1.043969335e+00
1.256611155e+00
1.546650884e+00
1.833558964e+00
2.055835635e+00
2.181371895e+00
2.207725032e+00
2.154257370e+00
2.050648255e+00
1.926716452e+00
1.806715983e+00
1.708311212e+00
1.643922093e+00
1.621417137e+00
1.642531519e+00
1.699948082e+00
1.775993661e+00
1.845894200e+00
1.886175951e+00
1.885266213e+00
1.850787843e+00
1.808403902e+00
1.790816183e+00
1.821038600e+00
1.898261571e+00
1.994611523e+00
2.066112473e+00
2.073412270e+00
2.001697070e+00
1.868685838e+00
1.715672646e+00
1.586199762e+00
1.504452937e+00
1.466033248e+00
1.446557905e+00
1.422627062e+00
1.391719858e+00
1.377728374e+00
1.417489988e+00
1.536022083e+00
1.726941913e+00
1.954278625e+00
2.181957971e+00
2.422287180e+00
2.782168897e+00
3.481941747e+00
4.829116058e+00
7.145345748e+00
1.066356762e+01
1.542611780e+01
2.121833081e+01
2.756387069e+01
3.379031154e+01
3.915209179e+01
4.298005716e+01
4.481837265e+01
4.451333770e+01
4.223305475e+01
3.841685123e+01
3.367212447e+01
2.864811557e+01
2.391822265e+01
1.989563846e+01
1.679491204e+01
1.463905928e+01
1.330181314e+01
1.256929814e+01
1.220467081e+01
1.200181737e+01
1.181871856e+01
1.158672593e+01
1.129812289e+01
1.097993905e+01
1.066538306e+01
1.037380080e+01
1.010535867e+01
9.849409009e+00
9.599085225e+00
9.362358718e+00
9.162723886e+00
9.029093499e+00
8.980703602e+00
9.015455716e+00
9.108003525e+00
9.218548634e+00
9.307819945e+00
9.350862706e+00
9.343201025e+00
9.296895598e+00
9.228979793e+00
9.148458816e+00
9.048858882e+00
8.910761852e+00
8.713814407e+00
8.452525159e+00
8.147360228e+00
7.844025724e+00
7.599242837e+00
7.458370784e+00
7.435226288e+00
7.504379085e+00
7.610609408e+00
7.691730526e+00
7.704069945e+00
7.638395088e+00
7.518932604e+00
7.386838252e+00
7.277361138e+00
7.202789075e+00
7.149614258e+00
7.090329492e+00
7.002326459e+00
6.882855047e+00
6.751708051e+00
6.640500015e+00
6.574925700e+00
6.560007752e+00
6.576261914e+00
6.588432251e+00
6.561741895e+00
6.477150054e+00
6.338409314e+00
6.168504623e+00
5.998367720e+00
5.853858479e+00
5.746804527e+00
5.673171642e+00
5.617972321e+00
5.563923695e+00
5.499911153e+00
5.425927277e+00
5.352801532e+00
5.297068574e+00
5.273127584e+00
5.285875879e+00
5.326880287e+00
5.375849367e+00
5.407113263e+00
5.398779584e+00
5.341029916e+00
5.240166374e+00
5.116515311e+00
4.996644532e+00
4.902713578e+00
4.843233146e+00
4.809345245e+00
4.778751335e+00
4.726168679e+00
4.635989438e+00
4.511259656e+00
4.374278453e+00
4.257836578e+00
4.190700233e+00
4.184021648e+00
4.225172822e+00
4.282029634e+00
4.315767584e+00
4.296339587e+00
4.213874614e+00
4.081485602e+00
3.929026982e+00
3.791136573e+00
3.694805386e+00
3.651221474e+00
3.654324551e+00
3.685611075e+00
3.722471482e+00
3.746471151e+00
3.748585836e+00
3.729988720e+00
3.698816399e+00
3.664746636e+00
3.633820975e+00
3.605667457e+00
3.574259273e+00
3.531859521e+00
3.474292811e+00
3.404782957e+00
3.333940394e+00
3.275278778e+00
3.238237122e+00
3.222629748e+00
3.218254966e+00
3.210667597e+00
3.190189479e+00
3.158603902e+00
3.128732095e+00
3.116248163e+00
3.128265332e+00
3.155995319e+00
3.176984670e+00
3.166800841e+00
3.113933185e+00
3.028986844e+00
2.941897460e+00
2.887538070e+00
2.886908673e+00
2.934103383e+00
2.996621159e+00
3.029674978e+00
2.997663500e+00
2.891910821e+00
2.735372894e+00
2.571556607e+00
2.443115538e+00
2.371199817e+00
2.346535345e+00
2.337158501e+00
2.308732241e+00
2.246245425e+00
2.164728519e+00
2.102349945e+00
2.098958883e+00
2.171500927e+00
2.300014926e+00
2.432669356e+00
2.508223280e+00
2.484810279e+00
2.360206647e+00
2.172876849e+00
1.983014695e+00
1.843317733e+00
1.774736575e+00
1.759880521e+00
1.757334745e+00
1.728787296e+00
1.663713259e+00
1.587459073e+00
1.547553089e+00
1.585200301e+00
1.707550163e+00
1.876552347e+00
2.021695234e+00
2.071187719e+00
1.986124944e+00
1.780313688e+00
1.515656993e+00
1.275339645e+00
1.127995635e+00
1.100085914e+00
1.169137493e+00
1.279884139e+00
1.374084888e+00
1.418417553e+00
1.416486960e+00
1.399837015e+00
1.404308839e+00
1.445898690e+00
1.509974745e+00
1.559461722e+00
1.556358388e+00
1.483508876e+00
1.354194330e+00
1.204957751e+00
1.076904342e+00
9.965951285e-01
9.666222128e-01
9.694428466e-01
9.804174064e-01
9.816336075e-01
9.689786100e-01
9.498573740e-01
9.346656797e-01
9.282710136e-01
9.268044784e-01
9.210154038e-01
9.030437017e-01
8.714984290e-01
8.313060551e-01
7.887304843e-01
7.455851962e-01
6.974718572e-01
6.382014571e-01
5.680058008e-01
4.997354691e-01
4.574807151e-01
4.662596843e-01
5.372811180e-01
6.571211057e-01
7.881787740e-01
8.820304225e-01
8.998817653e-01
8.296689356e-01
6.905609692e-01
5.223387998e-01
3.656062034e-01
2.439838931e-01
1.581049770e-01
9.401434279e-02
3.974249646e-02
-1.269898798e-03
-9.379818469e-03
3.779252661e-02
1.453450681e-01
2.874515583e-01
4.107046743e-01
4.559158105e-01
3.886193360e-01
2.216405930e-01
1.519520539e-02
-1.489227042e-01
-2.078167996e-01
-1.514456459e-01
-3.032389007e-02
6.946451961e-02
7.206552589e-02
-4.603929909e-02
-2.410725016e-01
-4.228921987e-01
-5.006686952e-01
-4.287962116e-01
-2.292724065e-01
1.951608669e-02
2.196444476e-01
2.961524670e-01
2.248925286e-01
3.527675105e-02
-2.091817345e-01
-4.400782086e-01
-6.087240418e-01
-6.968710612e-01
-7.124803688e-01
-6.764092345e-01
-6.087043792e-01
-5.214123408e-01
-4.200738786e-01
-3.110159465e-01
-2.086113490e-01
-1.370254422e-01
-1.241758503e-01
-1.899883461e-01
-3.344207977e-01
-5.315576220e-01
-7.339113492e-01
-8.867445621e-01
-9.475306304e-01
-9.026886325e-01
-7.740216180e-01
-6.111441307e-01
-4.722408340e-01
-4.010875603e-01
-4.105485813e-01
-4.802111620e-01
-5.692660368e-01
-6.382668562e-01
-6.688725934e-01
-6.716561537e-01
-6.782455130e-01
-7.222685811e-01
-8.194074757e-01
-9.571724529e-01
-1.099647679e+00
-1.204414884e+00
-1.242528093e+00
-1.211164555e+00
-1.132923213e+00
-1.043122019e+00
-9.727134944e-01
-9.361898498e-01
-9.303018231e-01
-9.428010995e-01
-9.646590361e-01
-9.976346584e-01
-1.052441336e+00
-1.138913142e+00
-1.254716656e+00
-1.380209679e+00
-1.483458511e+00
-1.533413518e+00
-1.514396119e+00
-1.434154536e+00
-1.321194998e+00
-1.212787543e+00
-1.139738223e+00
-1.115251580e+00
-1.132617638e+00
-1.171775845e+00
-1.210658921e+00
-1.235584365e+00
-1.246235548e+00
-1.253850178e+00
-1.274362853e+00
-1.320038496e+00
-1.393124712e+00
-1.483686841e+00
-1.571966088e+00
-1.634129804e+00
-1.649542691e+00
-1.607593214e+00
-1.512346651e+00
-1.383645382e+00
-1.253795384e+00
-1.159902177e+00
-1.133338721e+00
-1.189375443e+00
-1.320853402e+00
-1.499075207e+00
-1.682586720e+00
-1.831057937e+00
-1.918753872e+00
-1.941805700e+00
-1.916186392e+00
-1.867771414e+00
-1.819723393e+00
-1.783491668e+00
-1.757387548e+00
-1.732407231e+00
-1.701226229e+00
-1.665082037e+00
-1.634960745e+00
-1.626838920e+00
-1.653766173e+00
-1.718858929e+00
-1.812483896e+00
-1.914735003e+00
-2.001922381e+00
-2.054252075e+00
-2.061713038e+00
-2.026269766e+00
-1.960119484e+00
-1.881191194e+00
-1.807706255e+00
-1.753478930e+00
-1.725088226e+00
-1.721467118e+00
-1.735900214e+00
-1.759758151e+00
-1.786553232e+00
-1.814493358e+00
-1.846192771e+00
-1.885662801e+00
-1.934421323e+00
-1.989307865e+00
-2.043596810e+00
-2.090715283e+00
-2.127859302e+00
-2.156656666e+00
-2.180093317e+00
-2.197863447e+00
-2.203953305e+00
-2.189199815e+00
-2.148228152e+00
-2.086710314e+00
-2.023733489e+00
-1.986292862e+00
-1.997451565e+00
-2.063908618e+00
-2.169967318e+00
-2.282177396e+00
-2.363464730e+00
-2.390241268e+00
-2.363797731e+00
-2.309681427e+00
-2.264777832e+00
-2.258403681e+00
-2.297284214e+00
-2.362635640e+00
-2.421274615e+00
-2.444972534e+00
-2.427434310e+00
-2.389209561e+00
-2.367289499e+00
-2.394672468e+00
-2.481027295e+00
-2.605351934e+00
-2.725177322e+00
-2.797805906e+00
-2.802280020e+00
-2.750057618e+00
-2.678272712e+00
-2.628910546e+00
-2.625152307e+00
-2.658129364e+00
-2.692034527e+00
-2.685560565e+00
-2.618278554e+00
-2.507075066e+00
-2.402409698e+00
-2.364791896e+00
-2.432904787e+00
-2.600119494e+00
-2.812544752e+00
-2.990868076e+00
-3.065785407e+00
-3.009521686e+00
-2.847824834e+00
-2.646881515e+00
-2.482406073e+00
-2.406841383e+00
-2.430724250e+00
-2.526093724e+00
-2.648023252e+00
-2.761270718e+00
-2.857257875e+00
-2.952700858e+00
-3.071714433e+00
-3.222453094e+00
-3.382442929e+00
-3.502057415e+00
-3.525582233e+00
-3.419387424e+00
-3.192343959e+00
-2.897303361e+00
-2.612262313e+00
-2.410359025e+00
-2.333295138e+00
-2.380301435e+00
-2.516080568e+00
-2.691399091e+00
-2.864576290e+00
-3.013558908e+00
-3.134985930e+00
-3.234229322e+00
-3.314485666e+00
-3.371804910e+00
-3.397971662e+00
-3.387867993e+00
-3.345507461e+00
-3.284421170e+00
-3.222151523e+00
-3.172537573e+00
-3.140827031e+00
-3.124665798e+00
-3.119996513e+00
-3.127430556e+00
-3.154074929e+00
-3.208684704e+00
-3.292698277e+00
-3.393161048e+00
-3.483262148e+00
-3.531984498e+00
-3.518611963e+00
-3.444181456e+00
-3.332942656e+00
-3.222202220e+00
-3.145535748e+00
-3.118290438e+00
-3.133147124e+00
-3.167853573e+00
-3.200330333e+00
-3.222166809e+00
-3.242492348e+00
-3.279844038e+00
-3.346847127e+00
-3.437200931e+00
-3.523773827e+00
-3.570557427e+00
-3.552896326e+00
-3.474536404e+00
-3.370466051e+00
-3.291786193e+00
-3.279339881e+00
-3.340481152e+00
-3.443088864e+00
-3.532013256e+00
-3.560189687e+00
-3.517232076e+00
-3.438434950e+00
-3.387338482e+00
-3.419822606e+00
-3.548623401e+00
-3.727839520e+00
-3.866945577e+00
-3.868662383e+00
-3.673013993e+00
-3.287153054e+00
-2.787838091e+00
-2.296345314e+00
-1.937378166e+00
-1.798963456e+00
-1.907947429e+00
-2.227816146e+00
-2.676350016e+00
-3.153947627e+00
-3.571390447e+00
-3.868287888e+00
-4.018700717e+00
-4.025987367e+00
-3.912477368e+00
-3.709946733e+00
-3.454364729e+00
-3.184634479e+00
-2.942190325e+00
-2.767870238e+00
-2.694586997e+00
-2.737675239e+00
-2.887379016e+00
-3.108138296e+00
-3.346784009e+00
-3.547622272e+00
-3.668802511e+00
-3.693317787e+00
-3.630247400e+00
-3.506431968e+00
-3.353320659e+00
-3.195765851e+00
-3.047877201e+00
-2.916596747e+00
-2.809013545e+00
-2.737383356e+00
-2.717609855e+00
-2.761466752e+00
-2.867260789e+00
-3.015164868e+00
-3.171098255e+00
-3.298203138e+00
-3.370547082e+00
-3.382244106e+00
-3.347508705e+00
-3.291880528e+00
-3.239376337e+00
-3.202249114e+00
-3.178405238e+00
-3.157254384e+00
-3.130120552e+00
-3.098826573e+00
-3.077100157e+00
-3.083560609e+00
-3.130009932e+00
-3.211761311e+00
-3.305984174e+00
-3.379821789e+00
-3.404645782e+00
-3.369275043e+00
-3.285314007e+00
-3.181800118e+00
-3.091874647e+00
-3.038205872e+00
-3.024302049e+00
-3.035574113e+00
-3.048932513e+00
-3.045564247e+00
-3.020408068e+00
-2.984080244e+00
-2.957157491e+00
-2.960448991e+00
-3.006263391e+00
-3.094246995e+00
-3.212329119e+00
-3.340690826e+00
-3.456021889e+00
-3.534712619e+00
-3.555641183e+00
-3.504064451e+00
-3.376985789e+00
-3.188095289e+00
-2.968865021e+00
-2.763169821e+00
-2.615827324e+00
-2.558965239e+00
-2.601864208e+00
-2.728662406e+00
-2.904694305e+00
-3.088353417e+00
-3.243352206e+00
-3.346960744e+00
-3.392429718e+00
-3.386579559e+00
-3.344975144e+00
-3.286849927e+00
-3.230757308e+00
-3.190947068e+00
-3.174355424e+00
-3.178687903e+00
-3.192626339e+00
-3.199004492e+00
-3.180709664e+00
-3.127577021e+00
-3.041528056e+00
-2.937427094e+00
-2.838753345e+00
-2.769559516e+00
-2.746082007e+00
-2.771642403e+00
-2.836841469e+00
-2.924361863e+00
-3.015532690e+00
-3.095422857e+00
-3.154701544e+00
-3.188700663e+00
-3.195538704e+00
-3.175041839e+00
-3.128953509e+00
-3.061718121e+00
-2.980859464e+00
-2.896609787e+00
-2.821159781e+00
-2.767908077e+00
-2.750388591e+00
-2.779951840e+00
-2.861665331e+00
-2.989390637e+00
-3.142650162e+00
-3.288316542e+00
-3.388534182e+00
-3.413123115e+00
-3.351695316e+00
-3.219720876e+00
-3.054758968e+00
-2.903361124e+00
-2.803739760e+00
-2.771776684e+00
-2.796809322e+00
-2.849137580e+00
-2.895430940e+00
-2.914175034e+00
-2.903314979e+00
-2.876591262e+00
-2.851504447e+00
-2.836725551e+00
-2.827060996e+00
-2.809337500e+00
-2.775460150e+00
-2.733783498e+00
-2.710235186e+00
-2.736546924e+00
-2.831124857e+00
-2.983542420e+00
-3.152787435e+00
-3.282334596e+00
-3.325656175e+00
-3.269288406e+00
-3.140888421e+00
-2.997005159e+00
-2.895869661e+00
-2.868779682e+00
-2.905021543e+00
-2.958664483e+00
-2.974174191e+00
-2.917592248e+00
-2.796642508e+00
-2.658681948e+00
-2.567155740e+00
-2.568833229e+00
-2.669179445e+00
-2.828884003e+00
-2.983186684e+00
-3.073493561e+00
-3.074518026e+00
-3.003082701e+00
-2.904941969e+00
-2.827769745e+00
-2.795438397e+00
-2.797386935e+00
-2.798287366e+00
-2.762141752e+00
-2.677213296e+00
-2.567725069e+00
-2.485197265e+00
-2.483054064e+00
-2.587187311e+00
-2.777776757e+00
-2.992332913e+00
-3.149310399e+00
-3.181303867e+00
-3.062272638e+00
-2.816745276e+00
-2.508319691e+00
-2.214646062e+00
-2.001218219e+00
-1.904609785e+00
-1.929229541e+00
-2.054601038e+00
-2.246476228e+00
-2.465987748e+00
-2.674850013e+00
-2.838299326e+00
-2.928684550e+00
-2.931015861e+00
-2.848844133e+00
-2.706788193e+00
-2.546403188e+00
-2.414924650e+00
-2.350256463e+00
-2.368215171e+00
-2.457795123e+00
-2.586859790e+00
-2.715739286e+00
-2.812328652e+00
-2.861677115e+00
-2.866227480e+00
-2.838093894e+00
-2.789027597e+00
-2.724476520e+00
-2.644959595e+00
-2.552859909e+00
-2.458937912e+00
-2.382834706e+00
-2.345691514e+00
-2.358420748e+00
-2.412740669e+00
-2.481430876e+00
-2.529440486e+00
-2.531064798e+00
-2.484113542e+00
-2.412593247e+00
-2.355082053e+00
-2.343929199e+00
-2.386273674e+00
-2.457975061e+00
-2.515158386e+00
-2.518225480e+00
-2.455356350e+00
-2.351640560e+00
-2.257309739e+00
-2.220457026e+00
-2.259301986e+00
-2.350414648e+00
-2.440889457e+00
-2.478668503e+00
-2.443971870e+00
-2.362871933e+00
-2.292986386e+00
-2.286386087e+00
-2.347917059e+00
-2.411142887e+00
-2.346890439e+00
-2.004622032e+00
-1.271799740e+00
-1.279624063e-01
1.328245575e+00
2.890642800e+00
4.293008106e+00
5.277300563e+00
5.660917360e+00
5.382605488e+00
4.514580815e+00
3.239694530e+00
1.803005130e+00
4.534340338e-01
-6.082372062e-01
-1.263197565e+00
-1.485464392e+00
-1.331766427e+00
-9.169582525e-01
-3.830017756e-01
1.313507898e-01
5.151759584e-01
7.015121958e-01
6.738482466e-01
4.628889581e-01
1.345597281e-01
-2.283356968e-01
-5.466502595e-01
-7.623030747e-01
-8.477548589e-01
-8.053746073e-01
-6.584404507e-01
-4.388083362e-01
-1.770666678e-01
1.012789972e-01
3.740728301e-01
6.190407477e-01
8.130136557e-01
9.358850462e-01
9.776043614e-01
9.438537103e-01
8.561718701e-01
7.451129615e-01
6.389136498e-01
5.529119990e-01
4.850825651e-01
4.203480946e-01
3.420011276e-01
2.446806159e-01
1.419496011e-01
6.366155180e-02
4.331303006e-02
1.010927852e-01
2.313317190e-01
4.015400200e-01
5.645749524e-01
6.785490075e-01
7.246831705e-01
7.140402459e-01
6.797315331e-01
6.587744094e-01
6.731550162e-01
7.198888101e-01
7.748859782e-01
8.079935791e-01
8.007569772e-01
7.573036926e-01
7.027615493e-01
6.704442056e-01
6.849011595e-01
7.497340918e-01
8.460687892e-01
9.416618347e-01
1.005229608e+00
1.018611233e+00
9.815419594e-01
9.083881963e-01
8.202445876e-01
7.371145226e-01
6.733181897e-01
6.364686860e-01
6.284139680e-01
6.464506897e-01
6.842896038e-01
7.333022744e-01
7.845620251e-01
8.312927044e-01
8.705358086e-01
9.029825653e-01
9.309948875e-01
9.560615130e-01
9.773699319e-01
9.924627477e-01
9.995480824e-01
9.998778485e-01
9.984563975e-01
1.002302974e+00
1.016984430e+00
1.043279736e+00
1.075977001e+00
1.105835256e+00
1.124125892e+00
1.127676538e+00
1.121732067e+00
1.118655522e+00
1.132378310e+00
1.170791934e+00
1.229771371e+00
1.292245624e+00
1.333552404e+00
1.331210656e+00
1.274855829e+00
1.171756532e+00
1.045296920e+00
9.270408477e-01
8.458374226e-01
8.185422908e-01
8.459425582e-01
9.150296780e-01
1.006062960e+00
1.101044003e+00
1.189912788e+00
1.271973432e+00
1.352226095e+00
1.434576546e+00
1.515412845e+00
1.581092552e+00
1.611295025e+00
1.587483942e+00
1.503032886e+00
1.370199943e+00
1.219934024e+00
1.093336650e+00
1.027369850e+00
1.040420312e+00
1.124093695e+00
1.245476126e+00
1.359695222e+00
1.427777960e+00
1.431907541e+00
1.380986647e+00
1.303953435e+00
1.234499133e+00
1.195376487e+00
1.190613125e+00
1.209271839e+00
1.237464248e+00
1.270280675e+00
1.315404465e+00
1.385605995e+00
1.484814883e+00
1.597292875e+00
1.688319740e+00
1.718157280e+00
1.662765606e+00
1.529831739e+00
1.360236452e+00
1.212490330e+00
1.136927818e+00
1.152472731e+00
1.238154671e+00
1.344330024e+00
1.418344662e+00
1.431533387e+00
1.393338010e+00
1.344856648e+00
1.335059463e+00
1.392369082e+00
1.507034816e+00
1.634067364e+00
1.715451816e+00
1.709960306e+00
1.614808192e+00
1.467774727e+00
1.328755879e+00
1.250436741e+00
1.253262096e+00
1.317448576e+00
1.395847769e+00
1.440682242e+00
1.430006219e+00
1.379821711e+00
1.335155097e+00
1.344441757e+00
1.430648416e+00
1.574831772e+00
1.721819919e+00
1.806335747e+00
1.787109734e+00
