sample,mean,mean_uncertainty,median,percentile_16,percentile_84
0,-0.4110875129699707,0.25020902455016975,0,-4,4.5
1,-0.33452552556991577,0.24221045148906861,0,-3.5,4.5
2,-0.30211243033409119,0.23435299539796589,0,-3,4
3,-0.27539956569671631,0.22654242535862623,0,-3,4
4,-0.22555045783519745,0.21866700789260035,0,-3,4
5,-0.16474795341491699,0.21139612684476383,0,-3,4
6,-0.11433999985456467,0.20373354117453113,0,-3,4
7,-0.093997985124588013,0.19565348894352874,0,-3,4
8,-0.058790657669305801,0.187526374258418,0,-3,4
9,-0.040795795619487762,0.18038635724581881,0,-3,4
10,0.03375433012843132,0.1729286254718517,0,-3,4
11,0.062143735587596893,0.165651992576972,0,-3,3.5
12,0.072538278996944427,0.15804766714360313,0,-3,3.5
13,0.089750751852989197,0.15109876105448705,0,-3,3
14,0.085950598120689392,0.14410729914189113,0,-3,3
15,0.10886330902576447,0.13670159348762134,0,-3,3
16,0.13825863599777222,0.12837168090514101,0,-2.5,3
17,0.13155247271060944,0.11861051629176221,0,-2.5,3
18,0.20319660007953644,0.10644839723078721,0,-2,3
19,0.18553705513477325,0.092957420204422575,0,-2,3
20,0.19839052855968475,0.078716886529406824,0,-2,3
21,0.21694423258304596,0.064540865461812494,0,-2,3
22,0.18318989872932434,0.051517831202786683,0,-2,3
23,0.17346596717834473,0.041980580222094215,0,-2,2.5
24,0.17201296985149384,0.036123098045291659,0,-2,2
25,0.21739129722118378,0.035907829396580354,0,-2,2
26,0.17950150370597839,0.040755445884694527,0,-2.5,2
27,0.19324913620948792,0.048097252736069261,0,-2.5,2.5
28,0.1521180272102356,0.056622341683810418,0,-3,2
29,0.20051413774490356,0.06565872274947529,0,-3,2.5
30,0.22733877599239349,0.07516102757749854,0,-3,3
31,0.23762154579162598,0.084916163175804388,0,-3,3
32,0.23650385439395905,0.094431661459892416,0,-3,2.5
33,0.23348608613014221,0.10349778102505525,0,-3,3
34,0.22935062646865845,0.11233044938008922,0,-3,3
35,0.22253268957138062,0.11980759386720233,0,-3,3
36,0.20364367961883545,0.12793511657058318,0,-3,3
37,0.23214484751224518,0.13576956783112357,0,-3,3
38,0.21236167848110199,0.14263741195840279,0,-3,3
39,0.26254609227180481,0.15015889430200802,0,-3,3
40,0.20487314462661743,0.15792499395060497,0,-3.5,3
41,0.19649043679237366,0.16553622193035497,0,-4,3
42,0.23382139205932617,0.17384131356013188,0,-4,3
43,0.26724040508270264,0.18226292209278061,0,-4,3
44,0.2804291844367981,0.19195405158633699,-0.5,-4,3
45,0.34056109189987183,0.20233738357904096,-0.5,-4,3
46,0.43265900015830994,0.21473236658254402,-0.5,-4,3
47,0.5598524808883667,0.2292387929102507,-0.5,-4,3
48,0.70850563049316406,0.246910803684328,-0.5,-4,3
49,0.89750754833221436,0.26914991975195124,-0.5,-4.5,3
50,1.1186989545822144,0.29435998341867858,-0.5,-4.5,3.5
51,1.2826645374298096,0.32276114479455581,-1,-5,4
52,1.5046384334564209,0.35327971422359905,-1,-5,4
53,1.7719906568527222,0.38442486190171365,-1,-5,4
54,2.0790209770202637,0.41575404280589162,-0.5,-5,4
55,2.5890243053436279,0.44813188165306983,-0.5,-5,4.5
56,3.8008270263671875,0.48674305357993602,0,-5,6
57,7.8798480033874512,0.54867724474733426,1,-4,12
58,22.296077728271484,0.67142080385256997,9,-1,39
59,65.308486938476562,0.93457723554385175,45,10.5,115
60,160.78227233886719,1.4858772169373735,131,47,271.81999999999971
61,318.363037109375,2.4837906000989816,264,111,533
62,522.59619140625,3.91498463429655,430,190,879
63,746.40032958984375,5.5848124956580723,609,270.5,1262.6399999999994
64,967.73077392578125,7.2863962768437949,783.5,344,1645
65,1174.8065185546875,8.901511247133902,939,415.68000000000006,1990
66,1362.7608642578125,10.384568497615046,1084,481,2310
67,1529.6302490234375,11.717392728030333,1210.5,535,2594.239999999998
68,1674.6400146484375,12.888075422104905,1319,586,2845.9199999999983
69,1797.863037109375,13.889516806692956,1414,627,3064
70,1900.6134033203125,14.724421388474703,1489,661.18000000000006,3239
71,1984.6585693359375,15.4039116839648,1553,692,3373.4599999999991
72,2052.284423828125,15.943472728863687,1604,716.36000000000013,3488.2799999999988
73,2105.83984375,16.362318971079855,1643.5,734.68000000000006,3571.6399999999994
74,2147.643310546875,16.681728343823174,1675,751,3638
75,2179.891845703125,16.922978208829463,1704,762,3688.2799999999988
76,2204.388427734375,17.102646411996215,1720.5,773,3724
77,2222.702392578125,17.23209677112408,1733,779.68000000000006,3754.6399999999994
78,2236.380859375,17.322329324711287,1744,783.68000000000006,3779.2799999999988
79,2247.88818359375,17.38846247826514,1754,788,3791.6399999999994
80,2260.32275390625,17.457145481741836,1767,794,3810.2799999999988
81,2276.039794921875,17.553516317947253,1779,799,3837
82,2295.025634765625,17.682926280521276,1793,804,3868.8199999999997
83,2315.461669921875,17.828496811272952,1810,810.68000000000006,3896.6399999999994
84,2335.25732421875,17.971070225728855,1827,819.68000000000006,3927.2799999999988
85,2353.042724609375,18.098725046215929,1843.5,826.18000000000006,3956
86,2367.9599609375,18.205320461500573,1855.5,831,3983.2799999999988
87,2379.625732421875,18.286486376277985,1865,837.68000000000006,4008.6399999999994
88,2388.03759765625,18.341851715057015,1873,843,4023.6399999999994
89,2393.227294921875,18.372801906449059,1877.5,844,4030.5999999999985
90,2395.2861328125,18.37985433604625,1879.5,846,4029.6399999999994
91,2394.47021484375,18.364352136313368,1878,844.36000000000013,4022.2799999999988
92,2391.136962890625,18.329429856955702,1875,843,4014.2799999999988
93,2385.509765625,18.278458562682609,1872,841.68000000000006,4010.2799999999988
94,2378.037353515625,18.214132110405863,1867,841,4005
95,2369.085205078125,18.139519320243988,1860.5,838,3991.3199999999997
96,2358.97705078125,18.056671778844297,1854,834.36000000000013,3974.9199999999983
97,2347.8203125,17.967428563464829,1844,830,3954.5599999999977
98,2335.890380859375,17.873778649604606,1835,826,3932.8199999999997
99,2323.518798828125,17.775726681506605,1826,822,3908
100,2310.96142578125,17.676773526233504,1815,818.36000000000013,3885.9199999999983
101,2298.53857421875,17.57991440017091,1802,816,3860.3799999999974
102,2286.300048828125,17.485637993847664,1793,811,3837.0999999999985
103,2274.197265625,17.393785244789637,1783.5,806.18000000000006,3820.6399999999994
104,2262.025146484375,17.303886396359125,1775,802,3800.3199999999997
105,2249.683349609375,17.214122055180383,1766,796.18000000000006,3781.8199999999997
106,2236.923583984375,17.122931788055393,1755.5,790,3757
107,2223.684814453125,17.029446159102402,1747,785.36000000000013,3732
108,2209.94970703125,16.933378008476083,1735.5,782,3710
109,2195.72998046875,16.834671451231245,1724,774,3685.9199999999983
110,2181.03759765625,16.733426570963921,1713,768,3664.3199999999997
111,2165.8583984375,16.629900366670689,1702,763,3638.8199999999997
112,2150.371826171875,16.523645671726136,1691.5,756.36000000000013,3612.8199999999997
113,2134.54443359375,16.416123763100874,1680,750,3587.4599999999991
114,2118.43310546875,16.306980097621491,1667,744,3558.9599999999991
115,2102.06640625,16.19658847786155,1654,736.36000000000013,3534.4399999999951
116,2085.509765625,16.083347960162925,1642,732,3509.3199999999997
117,2068.7890625,15.968903629349937,1629,725,3478
118,2051.938232421875,15.853360863686422,1613.5,718.36000000000013,3447
119,2035.03515625,15.737063782485807,1600,711.5,3420.2799999999988
120,2018.078857421875,15.619390806177437,1586,706,3391.8199999999997
121,2001.09619140625,15.500983744529517,1571,700.36000000000013,3359
122,1984.0787353515625,15.382632424775103,1556,694,3324.6399999999994
123,1967.0928955078125,15.264117751007612,1542,686.68000000000006,3297.2799999999988
124,1950.1414794921875,15.145174665453842,1527,680,3265
125,1933.1217041015625,15.025137872303519,1514,674,3236.6399999999994
126,1916.071533203125,14.904885409974192,1500,668,3208.6399999999994
127,1898.9993896484375,14.784120383490679,1488,663,3181.8199999999997
128,1881.904541015625,14.66241135839195,1474,656.68000000000006,3151.8199999999997
129,1864.7559814453125,14.53971636276067,1461,649.5,3122.3199999999997
130,1847.551025390625,14.416256771324086,1448,642,3095.0999999999985
131,1830.262451171875,14.29160782107963,1434,635.68000000000006,3065
132,1812.9881591796875,14.166072159074128,1421,628.68000000000006,3036.6399999999994
133,1795.7119140625,14.040288900831518,1407,622,3010
134,1778.4332275390625,13.914714371335737,1393,615.68000000000006,2979.6399999999994
135,1761.179443359375,13.788383744805738,1382,609.5,2952
136,1743.9912109375,13.662947754628014,1368,602,2924
137,1726.868408203125,13.537504922787042,1355,596,2891.6399999999994
138,1709.7481689453125,13.411762412213488,1341,588.68000000000006,2861
139,1692.6510009765625,13.286948915982727,1328,582.18000000000006,2833
140,1675.7086181640625,13.162241458581779,1316,577,2804
141,1658.84619140625,13.037551939254788,1304,572,2777.2799999999988
142,1642.058837890625,12.913219099729242,1292,565,2751
143,1625.4014892578125,12.789880194617126,1278,557.36000000000013,2725.2799999999988
144,1608.7659912109375,12.66676308022409,1266,551,2697.9599999999991
145,1592.24951171875,12.543664813117957,1253,545,2667.6399999999994
146,1575.814453125,12.421750534615027,1240,538.68000000000006,2640.9599999999991
147,1559.447998046875,12.300753049369666,1228,532.18000000000006,2614
148,1543.179443359375,12.180110897351209,1217,527,2587.2799999999988
149,1527.0284423828125,12.060039969655502,1204,520.5,2563.2799999999988
150,1510.949462890625,11.941019139864022,1190,514.5,2540.0999999999985
151,1495.0257568359375,11.822189420737656,1178,508,2514.6399999999994
152,1479.1614990234375,11.703793933895652,1165.5,502,2488.6399999999994
153,1463.455810546875,11.586209377352105,1151,496.68000000000006,2458.2799999999988
154,1447.8399658203125,11.469504003963486,1137.5,491,2434
155,1432.2974853515625,11.353352922895382,1123,485.5,2408.3199999999997
156,1416.857666015625,11.237795376920147,1112,480,2381.3199999999997
157,1401.5357666015625,11.122547533170408,1100.5,474.18000000000006,2357
158,1386.285888671875,11.007508508155347,1088.5,468,2330
159,1371.189208984375,10.893740488435359,1077,462,2302
160,1356.2283935546875,10.780724262203513,1067,456.18000000000006,2281
161,1341.3853759765625,10.668466078516223,1055,452,2256.3199999999997
162,1326.67919921875,10.557057789884784,1043,447,2232.0999999999985
163,1312.1099853515625,10.446508381822291,1031.5,442,2211.4599999999991
164,1297.6527099609375,10.337038492748277,1019.5,437,2187.3199999999997
165,1283.28515625,10.22788223553083,1009,433.5,2163.8199999999997
166,1268.995849609375,10.11932196225937,997,428,2136.6399999999994
167,1254.7518310546875,10.010858875080833,985.5,422,2112
168,1240.5662841796875,9.9033386667559196,975,417,2091.8199999999997
169,1226.44921875,9.7965824704253031,963.5,411.68000000000006,2069.1399999999994
170,1212.5452880859375,9.6908923562384484,952.5,407,2045.9599999999991
171,1198.73046875,9.5867451570063675,943,402,2024.8199999999997
172,1185.1043701171875,9.4830422239190373,931,397,2001
173,1171.5389404296875,9.3796968779996686,919,392,1974.8199999999997
174,1158.177490234375,9.2781011886090425,907.5,387,1952
175,1144.9349365234375,9.1772358914358332,896,382,1928.9599999999991
176,1131.8031005859375,9.0763952468389331,886.5,376.68000000000006,1906
177,1118.771484375,8.9760997804669955,877,372,1883.8199999999997
178,1105.8582763671875,8.8765092342449776,867,367,1865.3199999999997
179,1093.083984375,8.7778836293954807,857,363,1841.6399999999994
180,1080.3812255859375,8.6796926947981099,846.5,358.5,1823.4599999999991
181,1067.7825927734375,8.582401933487672,836.5,354,1801.6399999999994
182,1055.33447265625,8.4864752189966346,826.5,350,1785.6399999999994
183,1042.9849853515625,8.3916420418540856,816.5,345,1763
184,1030.709228515625,8.2970706601758213,805,341,1743
185,1018.6470336914062,8.2041096896185479,795,337,1723.8199999999997
186,1006.64501953125,8.1121575727538264,786,332.5,1704.3199999999997
187,994.78271484375,8.020417838006944,775.5,327.18000000000006,1685.8199999999997
188,983.0333251953125,7.9296913532179136,768,323,1668.3199999999997
189,971.3880615234375,7.8393717578813717,759,319,1646.3199999999997
190,959.8499755859375,7.7504039766682853,750.5,314.18000000000006,1625.4599999999991
191,948.361572265625,7.6617704831606748,740.5,310.68000000000006,1603.8199999999997
192,937.0147705078125,7.5750052973419466,732,306,1586.3199999999997
193,925.7891845703125,7.488669807183606,723,302.5,1568.3199999999997
194,914.6768798828125,7.4037143751063628,715,298.68000000000006,1548
195,903.69232177734375,7.3197093716834134,707.5,295,1529.3199999999997
196,892.81756591796875,7.2363898977478378,700,291,1513.4599999999991
197,882.02044677734375,7.1539624621848494,690.5,286,1497.4599999999991
198,871.3944091796875,7.0731990926900945,682.5,283,1479.5
199,860.92041015625,6.9936359153481087,675,279.18000000000006,1460.5
200,850.65966796875,6.9148462602240484,667,274,1444.8199999999997
201,840.509765625,6.8373959188366058,660.5,271,1426.6399999999994
202,830.43365478515625,6.7609536066310394,652,267,1410.6399999999994
203,820.44818115234375,6.6853461824602123,644,263,1394.6399999999994
204,810.5748291015625,6.6099182750515393,637,259.68000000000006,1378.5
205,800.80908203125,6.5351673708453717,629,256,1361
206,791.16094970703125,6.4610685144245315,621,253,1345.6399999999994
207,781.68280029296875,6.3880068104780543,613,250,1331
208,772.29071044921875,6.3158948125540721,606,247,1316.3199999999997
209,762.9296875,6.2445783371575736,597,243,1301.9199999999983
210,753.7047119140625,6.1745147721544464,590.5,240,1285
211,744.57318115234375,6.1044877616558564,582.5,236.5,1270.6399999999994
212,735.5113525390625,6.035472347356226,575.5,233,1257.2799999999988
213,726.53326416015625,5.9668387154805664,568,229,1241
214,717.6173095703125,5.8986961394582185,562,226.18000000000006,1226
215,708.81622314453125,5.8311678424310136,556,223,1214
216,700.08306884765625,5.7643825173911774,548.5,220,1198
217,691.39935302734375,5.6979426906391248,542,216.5,1185
218,682.83367919921875,5.632343346332374,536,213.68000000000006,1169.4599999999991
219,674.3604736328125,5.567069958409002,529,210.5,1156.6399999999994
220,665.97015380859375,5.5031060822345363,522.5,207,1141.6399999999994
221,657.66937255859375,5.4396188656159232,516.5,205,1128
222,649.44305419921875,5.3767086067584522,509,201.68000000000006,1113.8199999999997
223,641.33013916015625,5.3145641716283993,503,199,1099.6399999999994
224,633.2119140625,5.2532017859534328,497,196,1086
225,625.20758056640625,5.1929942031180296,491,193,1071
226,617.31158447265625,5.1330953120908474,486,189,1058.6399999999994
227,609.46795654296875,5.0737278190095587,480,186,1045.6399999999994
228,601.7049560546875,5.0148180668420137,475,183.18000000000006,1032.8199999999997
229,594.075439453125,4.9563813343333765,469,181,1022.6399999999994
230,586.51751708984375,4.8989850757952089,463,178,1009.6399999999994
231,579.04058837890625,4.8419084156856851,456.5,176,995.31999999999971
232,571.6619873046875,4.7861549506793608,452,173,983
233,564.3480224609375,4.7301160568069811,446,170.5,972
234,557.12286376953125,4.6747096304225018,440.5,168,959.81999999999971
235,549.9537353515625,4.6201255788076727,434.5,165,948
236,542.88934326171875,4.5666652919432726,429,163,936
237,535.91485595703125,4.5134678182139458,423.5,160,924
238,528.9771728515625,4.4607639154377194,418,157,914
239,522.119384765625,4.4088686673238922,412,154,902
240,515.3314208984375,4.356401552640536,407,151.18000000000006,891.63999999999942
241,508.6199951171875,4.3049887229447865,401,149,878.31999999999971
242,501.9761962890625,4.2544770137206465,396,146,868.81999999999971
243,495.41912841796875,4.2044481777399971,390,144,860
244,488.91973876953125,4.1548647159505894,385,142,850
245,482.49591064453125,4.105798432881608,379,140,838
246,476.10708618164062,4.0575924176364433,373,137,827.63999999999942
247,469.79983520507812,4.0095845005425792,368,134.5,817
248,463.58724975585938,3.9624732848399402,363,133,808
249,457.45120239257812,3.9158616702423692,358,130,798
250,451.43869018554688,3.8705064601853501,353.5,127.18000000000006,789
251,445.4344482421875,3.8250820894728688,349,125,779.31999999999971
252,439.51446533203125,3.780393085066962,344,123,767.81999999999971
253,433.66680908203125,3.7365837927242813,339.5,120.5,757
254,427.87985229492188,3.6929777847555245,335,118,748
255,422.17425537109375,3.6497742097171613,331,116,739
256,416.50543212890625,3.6075773898822638,325,113,727.81999999999971
257,410.91091918945312,3.5659278738592599,321,112,719
258,405.38705444335938,3.524592793478019,317,109,710.81999999999971
259,399.92678833007812,3.4833171592139003,312,107.68000000000006,700.63999999999942
260,394.51470947265625,3.4425443058490113,308,106,692.31999999999971
261,389.1375732421875,3.4025835282687558,303.5,103,683
262,383.78216552734375,3.3626547361899175,300,101,674.31999999999971
263,378.48428344726562,3.3228573904937151,295,99,665
264,373.28659057617188,3.2836042694380687,290.5,98,657
265,368.14395141601562,3.2447207275250487,287,96,648.31999999999971
266,363.05734252929688,3.2065422906755945,282,95,640
267,358.07400512695312,3.1692017636047916,278,93,632
268,353.08248901367188,3.131639145409316,275,91.5,623
269,348.1641845703125,3.0946080091578114,270.5,90,615.31999999999971
270,343.31228637695312,3.0584128354299494,267,89,607
271,338.46395874023438,3.022040803036901,263,87,600.81999999999971
272,333.69766235351562,2.986112612929082,259,86,593
273,328.956298828125,2.9508412804064461,255,84,585
274,324.2847900390625,2.916285844371044,251,83.180000000000064,576.81999999999971
275,319.64111328125,2.8814833019774055,246.5,82,568
276,315.01608276367188,2.8471638841801568,242.5,80,561.5
277,310.489990234375,2.8131371596575101,238,79,553
278,305.99520874023438,2.779002467969907,235,78,546
279,301.52072143554688,2.74514508038046,231.5,77,537.81999999999971
280,297.08193969726562,2.711867045771525,228,76,530.81999999999971
281,292.69744873046875,2.6789953638288533,224,75,524
282,288.40481567382812,2.646504649503076,220.5,73.5,517
283,284.13043212890625,2.6146417014334404,217,73,510
284,279.95709228515625,2.5831140731400355,213,72,503
285,275.78628540039062,2.5520292857711895,209,71,496
286,271.72146606445312,2.5207446237183349,206,69.5,489
287,267.66525268554688,2.4899056326825999,202,68,483
288,263.67306518554688,2.459330663812954,199.5,67.5,475.81999999999971
289,259.78350830078125,2.4292090346693711,196,66.680000000000064,470
290,255.88890075683594,2.3990227161310722,192,65.5,462
291,252.03643798828125,2.3690954580038319,189,64.5,455.31999999999971
292,248.18721008300781,2.3395644901577928,187,63,448.63999999999942
293,244.41578674316406,2.310607695347918,183,62,442
294,240.71096801757812,2.2822274285621202,180,61,436
295,237.03085327148438,2.2533822299875017,177.5,60,429
296,233.4039306640625,2.2259374907973921,175,59,423
297,229.79389953613281,2.1982471488150104,171,58,417
298,226.24008178710938,2.1704600046579223,168.5,57,411
299,222.70805358886719,2.1434467946068669,166,56,406
300,219.18733215332031,2.1167297287562272,162,55,399
301,215.76640319824219,2.0903296320484217,159.5,55,395
302,212.33843994140625,2.0643618617955357,157,54,388.81999999999971
303,208.97775268554688,2.039180503683756,154,53,382
304,205.62322998046875,2.0135051286798178,152,52,376
305,202.36146545410156,1.9883584744951865,149,51,371
306,199.09757995605469,1.9632732777551465,146,50,365
307,195.87939453125,1.9383460473726037,143,49,359.81999999999971
308,192.66670227050781,1.9138643908068975,140,48,355
309,189.54611206054688,1.8893968169555677,137.5,47.5,349
310,186.40214538574219,1.8654718501889163,134,46.5,342.63999999999942
311,183.28445434570312,1.8408449259368203,132,46,337.31999999999971
312,180.18733215332031,1.8165532396453241,130,45,332
313,177.14105224609375,1.7926026730360436,127,44,326
314,174.0794677734375,1.7692437315621752,124,43,321
315,171.06181335449219,1.745671978533119,121,42.180000000000064,316
316,168.11892700195312,1.7224382396199078,119,42,311
317,165.21481323242188,1.7000031378996669,116,41,306.5
318,162.33598327636719,1.6773136262154567,114,40,301
319,159.51849365234375,1.6549714440201382,111.5,39,296.81999999999971
320,156.66334533691406,1.633251866151596,108.5,38.5,292
321,153.90499877929688,1.6116258102039374,106,38,286.31999999999971
322,151.16452026367188,1.5901741674222745,104,37,282
323,148.46775817871094,1.5685234789752032,102,36.5,278
324,145.79679870605469,1.5474514201108869,100,36,273
325,143.17536926269531,1.5266164676912526,98,35,268
326,140.5987548828125,1.5057980496248755,96,34,264
327,138.03765869140625,1.484925509269075,95,33.5,260
328,135.49446105957031,1.4646433068767462,93,33,255
329,133.03431701660156,1.4451070430999557,91,32,250.31999999999971
330,130.56733703613281,1.424871244315282,90,31.5,246
331,128.17816162109375,1.4051869336839662,89,31,242
332,125.76013946533203,1.3853299856958485,87,30,238
333,123.34514617919922,1.3659479177947438,86,29.5,234
334,120.97988128662109,1.3470027519996826,84,29,229.81999999999971
335,118.64826202392578,1.3284858657761096,83,28,226
336,116.35520172119141,1.3102270856067442,82,27.5,221.81999999999971
337,114.09243011474609,1.2923507758159252,80.5,27,217.5
338,111.83827209472656,1.2747948960491631,79,26,213
339,109.62009429931641,1.2573379364915696,78,25,209.31999999999971
340,107.41265106201172,1.2395144949894523,76,24.180000000000064,206
341,105.19515228271484,1.2224229054164739,75,24,202
342,103.01956176757812,1.205558243693837,74,23,198.81999999999971
343,100.91371154785156,1.1892512340928849,73,22,195
344,98.850563049316406,1.1726780942682777,72,21.5,190.81999999999971
345,96.771881103515625,1.1570795718007443,70,21,187.31999999999971
346,94.704368591308594,1.1409995208276305,69,20,183
347,92.693748474121094,1.1257056355295192,68,20,180
348,90.690513610839844,1.1104246230075989,66,19,176
349,88.735107421875,1.0957416945738443,65,18.5,173
350,86.800155639648438,1.0814548262368642,64,18,169
351,84.88409423828125,1.0671097472965347,63,17.5,165.31999999999971
352,82.959648132324219,1.052794996058354,62,17,161.81999999999971
353,81.089195251464844,1.0388330098598657,61,16,159
354,79.246002197265625,1.0248657686447706,59,16,155.81999999999971
355,77.406059265136719,1.0112362357610882,58,15,153
356,75.588020324707031,0.99748236762998244,57,14,149
357,73.799484252929688,0.98440913467378099,56,14,145.81999999999971
358,72.027046203613281,0.9704401723656968,54.5,13,141.5
359,70.284454345703125,0.9572264114242518,53,13,139
360,68.541519165039062,0.94425371169817296,52,12,136
361,66.850784301757812,0.93085609558591631,51,11,133
362,65.132896423339844,0.91777680196782796,50,11,129
363,63.451099395751953,0.90511339897163712,49,10,126
364,61.775680541992188,0.89248463261240263,48,9.5,123
365,60.146305084228516,0.88042306353645727,47,9,119
366,58.518943786621094,0.86842700466971867,46,8.5,116
367,56.9112548828125,0.85663844931622335,45,8,112.81999999999971
368,55.367942810058594,0.84561231511045931,44,7,109.5
369,53.829662322998047,0.83451175184416104,43,7,106.31999999999971
370,52.274730682373047,0.82314404553170895,42,6,104
371,50.758800506591797,0.81252278329665351,41,6,101
372,49.272495269775391,0.80191434034038522,40,5,98
373,47.789649963378906,0.79202169126229083,39,5,96
374,46.376552581787109,0.78196816443669259,37.5,4,93.5
375,44.934169769287109,0.77187553862554004,37,3.5,92
376,43.545883178710938,0.76198654927200238,36,3,90
377,42.215827941894531,0.75328592644294112,35,3,88
378,40.846652984619141,0.74432967323306187,34,2,86
379,39.494354248046875,0.735630138689362,33,2,84
380,38.215938568115234,0.72731555471895704,32,1,82
381,36.934169769287109,0.71940035072957442,31,0,80
382,35.676204681396484,0.71107667079199344,30,0,79
383,34.379344940185547,0.70316492641541728,29.5,-1,78
384,33.138706207275391,0.69570402736207448,29,-1,76.5
385,31.90544319152832,0.68880824806193264,28,-2,75
386,30.645244598388672,0.68179631585677503,27,-2,73
387,29.412986755371094,0.67481742633406272,26,-3,71.319999999999709
388,28.224544525146484,0.66840963008409304,25,-3.5,69.5
389,27.026042938232422,0.66198189746031166,25,-4,67.819999999999709
390,25.817033767700195,0.65547931556689176,23.5,-4,66
391,24.646249771118164,0.64952135724239435,23,-5,64
392,23.524085998535156,0.6440821486329531,22,-5,62
393,22.406280517578125,0.63827599377042454,21,-6,61
394,21.278194427490234,0.63329955579828556,20,-6,60
395,20.155471801757812,0.62865270727190747,20,-7,58
396,19.070638656616211,0.62417658023223865,19,-7,57
397,18.010171890258789,0.62000852514546356,18,-8,55
398,16.877948760986328,0.61589900555486787,17,-8,54
399,15.820834159851074,0.61185323897383614,16,-9,52.5
400,14.761149406433105,0.60797591642659277,15,-10,51
401,13.714653015136719,0.6041698957187196,15,-10,50
402,12.736224174499512,0.60044666494786891,14,-11,48.5
403,11.685369491577148,0.59662314393363391,13,-11,47
404,10.718006134033203,0.59338316011387415,12,-12,46
405,9.7240419387817383,0.59072956332242432,12,-13,45
406,8.7332067489624023,0.58782616759368378,11,-13,43.5
407,7.7676315307617188,0.58489801343117853,10,-14,42.5
408,6.8009390830993652,0.58234705232594652,9.5,-14,41
409,5.8489995002746582,0.57984550274980018,9,-15,40
410,4.8814129829406738,0.57730260738339767,8,-16,38
411,3.9509332180023193,0.57468920219417929,7,-16,37
412,3.0220186710357666,0.57245045532261007,6.5,-17,36
413,2.0853917598724365,0.57020602891307437,6,-17.5,35
414,1.2309154272079468,0.56795306382056054,5,-18,33.5
415,0.29205319285392761,0.56615298208661669,5,-19,32
416,-0.65575051307678223,0.56434699168412672,4,-20,31
417,-1.5760589838027954,0.56321594747252246,3,-20.5,30
418,-2.466860294342041,0.562264782867268,2,-21,28.5
419,-3.336984395980835,0.56067162031209894,1,-22,27.5
420,-4.2303566932678223,0.56003747462594844,1,-23,26
421,-5.0867328643798828,0.55891463325948199,0,-23,25.5
422,-5.966580867767334,0.55813622167047472,-0.5,-24,25
423,-6.8539175987243652,0.55703703063741772,-1,-25,24
424,-7.6804513931274414,0.55647448942309086,-2,-26,23
425,-8.504302978515625,0.55632688582247014,-3,-26.5,22
426,-9.3330726623535156,0.55584263329580019,-3,-27,21
427,-10.18251895904541,0.55526626123671463,-4,-28,20
428,-10.975075721740723,0.55537941035647731,-5,-29,19
429,-11.772549629211426,0.555292937113401,-5,-30,18
430,-12.588688850402832,0.55563931172756897,-6,-31,17
431,-13.373421669006348,0.55582921376022631,-6.5,-32,16.5
432,-14.162065505981445,0.5559176521271848,-7,-32,16
433,-14.89974308013916,0.55608501509960295,-8,-33,15
434,-15.664580345153809,0.55640605250112851,-8,-34,14
435,-16.381244659423828,0.55693973084479464,-9,-35,14
436,-17.123727798461914,0.55720050230605733,-9.5,-36,13
437,-17.851011276245117,0.55806865339623235,-10,-37,12
438,-18.575164794921875,0.55874118131490569,-11,-38,11.5
439,-19.284452438354492,0.55955202323285025,-11,-39,11
440,-20,0.55985871637041285,-12,-39,10
441,-20.719905853271484,0.56092846998536228,-12,-40.5,9
442,-21.389068603515625,0.56142353990096772,-13,-41,9
443,-22.069744110107422,0.56160247407520603,-13.5,-42,8
444,-22.798145294189453,0.56185124743598325,-14,-43,7
445,-23.475131988525391,0.56247164264552552,-15,-44,7
446,-24.144071578979492,0.56336154068508648,-15,-45,6
447,-24.81669807434082,0.56475195449911086,-16,-46,6
448,-25.532356262207031,0.56563700513412818,-16.5,-47,5
449,-26.16888427734375,0.56680692643906228,-17,-48,5
450,-26.819046020507812,0.56798452111048492,-17,-49,4
451,-27.477813720703125,0.56872774607383902,-18,-49.5,4
452,-28.138370513916016,0.56984414113986404,-18,-50,3
453,-28.767295837402344,0.57109054385504687,-19,-51,3
454,-29.411422729492188,0.57238565180644885,-19.5,-52,3
455,-30.025371551513672,0.57392660709672694,-20,-53,2
456,-30.668268203735352,0.57546029336130711,-20.5,-54,2
457,-31.305801391601562,0.57672025257710879,-21,-55,1
458,-31.977087020874023,0.57834082011288679,-22,-56.5,1
459,-32.560745239257812,0.58005406706232221,-22,-57.819999999999936,1
460,-33.155582427978516,0.58166758797286922,-22.5,-59,0
461,-33.741703033447266,0.58323847320056355,-23,-59.5,0
462,-34.367942810058594,0.58501021868168246,-23,-61,-0.5
463,-34.986251831054688,0.58692990828892333,-24,-61.5,-1
464,-35.548786163330078,0.58795559450266399,-24,-62,-1.5
465,-36.132335662841797,0.58987083785434768,-25,-63,-2
466,-36.691852569580078,0.59181099346710553,-25,-64,-2
467,-37.279869079589844,0.59319896919270454,-25.5,-65,-2.5
468,-37.791213989257812,0.59462953186125156,-26,-66,-3
469,-38.413101196289062,0.5967195986372853,-26.5,-67,-3
470,-38.983345031738281,0.59774677725807379,-27,-67.5,-4
471,-39.539176940917969,0.59944730924174072,-28,-68.5,-4
472,-40.101596832275391,0.60102374448894313,-28,-69,-4.5
473,-40.6278076171875,0.6026840756461308,-28,-70,-5
474,-41.15960693359375,0.60427599750855709,-29,-71,-5
475,-41.683917999267578,0.60639359466767384,-29,-72,-5.5
476,-42.244888305664062,0.60795422448924741,-30,-73,-6
477,-42.791774749755859,0.60939253514929947,-30,-74,-6
478,-43.299430847167969,0.61120519782897842,-30.5,-75,-6
479,-43.813678741455078,0.61283303864152006,-31,-76,-6.5
480,-44.318206787109375,0.61466363511512834,-31,-76,-7
481,-44.834358215332031,0.61690607179521306,-32,-77,-7
482,-45.348274230957031,0.61898177594713655,-32,-78,-7.5
483,-45.877166748046875,0.62082306599663883,-32.5,-79,-8
484,-46.413547515869141,0.62232947027631558,-33,-80,-8
485,-46.876605987548828,0.62451355978765666,-33,-80.5,-8
486,-47.352745056152344,0.62635718591488065,-34,-81,-8.5
487,-47.842853546142578,0.62843194223852472,-34,-82,-9
488,-48.358554840087891,0.63029665259237255,-34.5,-83,-9
489,-48.796131134033203,0.63193395258499574,-35,-84,-9
490,-49.274616241455078,0.63359556235898196,-35,-85,-9.5
491,-49.741924285888672,0.63578897621953812,-36,-86,-10
492,-50.189002990722656,0.63756529972307707,-36,-87,-10
493,-50.595840454101562,0.63998434442685226,-36.5,-88,-10
494,-51.036884307861328,0.64148248830332233,-36.5,-88,-10
495,-51.475021362304688,0.64315409664509182,-37,-89,-11
496,-51.919078826904297,0.64476298949668776,-37,-89,-11
497,-52.351066589355469,0.64688891467928467,-38,-90.5,-11
498,-52.801719665527344,0.64844501542474553,-38,-91,-11
499,-53.190006256103516,0.6500242306639975,-38,-92,-11.5
500,-53.670505523681641,0.65223448582159071,-38.5,-93,-12
501,-54.064491271972656,0.6546103262304992,-39,-94,-12
502,-54.453224182128906,0.65656854529478337,-39,-94.819999999999936,-12
503,-54.880855560302734,0.65830224176047947,-39,-95,-12
504,-55.333518981933594,0.65985189325377036,-40,-96,-12.5
505,-55.747066497802734,0.66196250183782213,-40,-97,-13
506,-56.116687774658203,0.66384171268901482,-40.5,-97.5,-13
507,-56.4967041015625,0.66569305912235732,-40.5,-97.5,-13
508,-56.869007110595703,0.66755172046611333,-41,-98,-13
509,-57.252151489257812,0.66940028303213539,-41,-99,-13
510,-57.588802337646484,0.67133299182798212,-41,-100,-13
511,-57.952835083007812,0.67301220071829471,-42,-100.5,-14
512,-58.388622283935547,0.67470007016737099,-42,-101,-14
513,-58.708282470703125,0.67646536820131209,-42,-102,-14
514,-59.075889587402344,0.67855444295822143,-42.5,-102.5,-14
515,-59.433666229248047,0.67989196795820528,-43,-103,-14.180000000000291
516,-59.796245574951172,0.68136171074545937,-43,-104,-15
517,-60.136135101318359,0.68338296496334228,-43,-105,-15
518,-60.456466674804688,0.68490817414515281,-44,-105.5,-15
519,-60.791549682617188,0.68680491495302587,-44,-106,-15
520,-61.133007049560547,0.68814168701476375,-44.5,-107,-15
521,-61.465744018554688,0.69002247893973057,-45,-107,-15
522,-61.749637603759766,0.69191740173723604,-45,-108,-15
523,-62.109420776367188,0.69336460503126707,-45,-108.5,-15
524,-62.482173919677734,0.6949281846256633,-46,-109,-16
525,-62.836818695068359,0.69614872430987318,-46,-109.5,-16
526,-63.119930267333984,0.69729863939488557,-46,-110,-16
527,-63.397899627685547,0.69862327880762409,-46,-110,-16
528,-63.7271728515625,0.70002323486453,-47,-110.5,-16
529,-64.020233154296875,0.7015050861716674,-47,-111,-16
530,-64.301666259765625,0.70361524596964797,-47,-111,-16.5
531,-64.628257751464844,0.70584025203698431,-47.5,-112,-16.5
532,-64.979881286621094,0.70710058273294418,-48,-112.81999999999994,-16.5
533,-65.247901916503906,0.70863268901115839,-48,-113,-17
534,-65.5390625,0.71023002119835155,-48,-113.5,-17
535,-65.846878051757812,0.7116366614849754,-48,-114,-17
536,-66.135017395019531,0.71330644598659443,-49,-114,-17
537,-66.389289855957031,0.71468825729793084,-49,-115,-17.5
538,-66.684249877929688,0.71594973101271153,-49,-115,-17.5
539,-66.960769653320312,0.71730576754403574,-49.5,-116,-18
540,-67.254722595214844,0.71876617190337699,-50,-116,-18
541,-67.527999877929688,0.72034532906596072,-50,-117,-18
542,-67.783393859863281,0.72178519269705721,-50,-118,-18
543,-68.070976257324219,0.72333963605492102,-50,-118.31999999999994,-18
544,-68.346710205078125,0.72442212689237662,-50,-119,-18.5
545,-68.575050354003906,0.72611954188631245,-50,-119,-18.5
546,-68.862861633300781,0.7271931681788677,-50.5,-120,-18.680000000000291
547,-69.110313415527344,0.72856160762004696,-51,-120.5,-19
548,-69.375205993652344,0.72923973411519116,-51,-121,-19
549,-69.623222351074219,0.7301308257716157,-51,-121.5,-19
550,-69.908462524414062,0.7310056600453273,-51.5,-122,-19
551,-70.138038635253906,0.73200976718533695,-52,-122,-19
552,-70.394660949707031,0.7336713399147814,-52,-122,-19
553,-70.637199401855469,0.73431731796089927,-52,-123,-19
554,-70.866996765136719,0.73560540360482374,-52,-123,-19.5
555,-71.098243713378906,0.73700234651845553,-52.5,-124,-19.5
556,-71.329048156738281,0.73801993120427911,-53,-124,-19
557,-71.587348937988281,0.73936637080333378,-53,-125,-20
558,-71.785179138183594,0.74082368906488338,-53,-125,-20
559,-72.009498596191406,0.74188725793644861,-53,-125.31999999999994,-19.5
560,-72.216384887695312,0.74275407997296294,-54,-126,-19.5
561,-72.4158935546875,0.74411239692510645,-54,-127,-20
562,-72.633399963378906,0.74517720718096014,-53.5,-127.5,-20
563,-72.882980346679688,0.74637071538923361,-54,-127,-20
564,-73.087181091308594,0.74744162260932112,-54,-127.5,-20
565,-73.291831970214844,0.74874752490789043,-54.5,-128,-20
566,-73.544876098632812,0.74999732097623761,-55,-128,-20
567,-73.751197814941406,0.75104550662757918,-55,-128,-20
568,-74.012855529785156,0.7520733342285929,-55,-129,-20
569,-74.238288879394531,0.7531309728815061,-55,-129,-20.5
570,-74.46026611328125,0.75465156906839692,-55,-130,-20.5
571,-74.650047302246094,0.75589406602205367,-55.5,-130,-21
572,-74.879737854003906,0.75689288526331278,-56,-130,-20.5
573,-75.1138916015625,0.75814358794184333,-56,-131,-20.5
574,-75.31719970703125,0.75948683804938977,-56,-131,-21
575,-75.522972106933594,0.76090722772881436,-56.5,-132,-21
576,-75.726051330566406,0.76160228368102256,-57,-132,-21
577,-75.959091186523438,0.76274061271553195,-57,-132,-21
578,-76.196380615234375,0.76359340809819909,-57,-132.5,-21
579,-76.403152465820312,0.76487325193259115,-57,-132.5,-21
580,-76.596176147460938,0.76635159396098307,-57,-133,-21
581,-76.815689086914062,0.7676306494798063,-57,-133,-21
582,-77.026039123535156,0.76894046217796597,-58,-134,-21.5
583,-77.220405578613281,0.77036159505527024,-58,-134,-22
584,-77.389068603515625,0.77149384863538406,-58,-134,-21.5
585,-77.546554565429688,0.77257937759361961,-58,-135,-22
586,-77.735664367675781,0.77332000510125221,-58,-135,-22
587,-77.929473876953125,0.77429020092354006,-58,-135,-22
588,-78.131332397460938,0.77540059660352578,-58,-135.31999999999994,-22
589,-78.288368225097656,0.77634525755839068,-59,-136,-22
590,-78.488990783691406,0.77738172868926469,-59,-137,-22
591,-78.675758361816406,0.77853185982420514,-59,-137,-22
592,-78.820610046386719,0.77949911141939054,-59,-137,-22
593,-79.00860595703125,0.78057343204124152,-59,-137,-22
594,-79.207107543945312,0.78148869573267465,-59,-137.31999999999994,-22
595,-79.408851623535156,0.78253163429388417,-59,-138,-22.5
596,-79.515144348144531,0.78361148343812614,-60,-137.81999999999994,-22
597,-79.694534301757812,0.7846983184510804,-59.5,-138,-22.5
598,-79.889122009277344,0.7856706853004074,-60,-138,-23
599,-80.074211120605469,0.78657116122359227,-60,-139,-23
600,-80.22320556640625,0.78749314302604256,-60,-139,-23
601,-80.384040832519531,0.78848520816594359,-60,-139,-23
602,-80.557281494140625,0.78925894174770039,-60,-139,-23
603,-80.669830322265625,0.79025023766913538,-60.5,-140,-23
604,-80.844642639160156,0.7916296595576181,-60.5,-140,-23
605,-81.012519836425781,0.79257409226410291,-61,-140,-23
606,-81.161285400390625,0.79311266512317113,-61,-141,-23
607,-81.32122802734375,0.79320129769058856,-61,-142,-23
608,-81.465850830078125,0.79385433250325488,-61.5,-141.5,-23
609,-81.602439880371094,0.79475949449662531,-61.5,-142,-23
610,-81.7615966796875,0.7951061248125707,-61,-142,-23
611,-81.885551452636719,0.79574336224128517,-61.5,-142.5,-23
612,-82.016433715820312,0.79654892769265051,-62,-142,-23
613,-82.181175231933594,0.79754738743432096,-62,-143,-23
614,-82.312286376953125,0.79830976512871143,-62,-144,-23.5
615,-82.457809448242188,0.79902129606276295,-62,-144,-23
616,-82.623001098632812,0.79959487818804331,-62,-144,-23.5
617,-82.724708557128906,0.80054198599283499,-62,-144,-23.5
618,-82.831787109375,0.80143301093708241,-62,-144,-23.5
619,-82.996315002441406,0.80235820065341346,-62,-144.31999999999994,-24
620,-83.120933532714844,0.80326221577432944,-62.5,-144.5,-24
621,-83.270706176757812,0.80449404317480455,-63,-145,-23.5
622,-83.361015319824219,0.80517468708021478,-62.5,-145,-24
623,-83.523078918457031,0.8060207492704391,-62.5,-145.5,-24
624,-83.6556396484375,0.80663223955140928,-63,-145.81999999999994,-24
625,-83.754669189453125,0.8073385258105813,-63,-146,-24
626,-83.847434997558594,0.80817471833001853,-63,-146,-24
627,-83.987258911132812,0.80898594342251462,-63,-146,-24
628,-84.122611999511719,0.80932924646389182,-63,-146.5,-24
629,-84.223648071289062,0.80998470668398292,-63,-147,-24
630,-84.326362609863281,0.81077389382610521,-63,-147,-24
631,-84.422935485839844,0.8113872957178947,-64,-146,-24
632,-84.55035400390625,0.8121439987245147,-63.5,-147,-24
633,-84.656532287597656,0.81321715198538747,-64,-147.81999999999994,-24
634,-84.734214782714844,0.8140247842308137,-63.5,-147.81999999999994,-24.180000000000291
635,-84.816474914550781,0.8147715182660511,-64,-148,-24
636,-84.930702209472656,0.81561591500445008,-64,-147.5,-24.5
637,-85.069183349609375,0.81689716630549414,-64,-148,-24.5
638,-85.151557922363281,0.81768089490187701,-64,-148,-25
639,-85.25360107421875,0.81825357783289243,-64,-149,-24.5
640,-85.332626342773438,0.81913440941347748,-64,-149,-24.5
641,-85.452110290527344,0.82013967474409533,-64,-149,-24.5
642,-85.538726806640625,0.82080758479934257,-65,-149,-25
643,-85.655082702636719,0.82138907104234227,-65,-149,-25
644,-85.785736083984375,0.8219371270411141,-64.5,-149.5,-25
645,-85.906112670898438,0.82268696189988211,-65,-150,-25
646,-86.017097473144531,0.82338248700936845,-65,-150,-25
647,-86.111320495605469,0.82400329614944912,-65,-150,-25
648,-86.209007263183594,0.82476444796938608,-65,-150,-25
649,-86.311836242675781,0.82536457791653317,-65,-150,-25
650,-86.399795532226562,0.82581870718491379,-65,-150,-25
651,-86.506874084472656,0.82584379369579375,-65,-150,-25
652,-86.598861694335938,0.82656404218348623,-65,-150,-25
653,-86.718231201171875,0.82740634727731577,-65.5,-150,-25
654,-86.810440063476562,0.82786186855866362,-65,-151,-25
655,-86.899406433105469,0.82861315029626481,-65,-150.5,-25
656,-86.989715576171875,0.8289462422711209,-65,-151,-25
657,-87.094444274902344,0.82901664860276525,-65.5,-151,-25
658,-87.250808715820312,0.82939456305143966,-66,-151,-25
659,-87.305915832519531,0.83012963751552304,-66,-151,-25.5
660,-87.396560668945312,0.83034146953361687,-66,-151.81999999999994,-25.180000000000291
661,-87.459930419921875,0.83073935072953131,-66,-151.81999999999994,-25.5
662,-87.591926574707031,0.83157736959937278,-66,-152,-25.5
663,-87.689277648925781,0.83213466335078112,-66,-152,-25.5
664,-87.758804321289062,0.83257101178253012,-66,-152.31999999999994,-25.5
665,-87.84765625,0.83311017607096338,-66,-152.31999999999994,-25.5
666,-87.961776733398438,0.83371074797207523,-66,-152.5,-26
667,-88.061248779296875,0.8348539047111625,-66,-153,-26
668,-88.1483154296875,0.83557916913091046,-66,-153,-26
669,-88.238517761230469,0.83601124294032747,-67,-153,-26
670,-88.330726623535156,0.83707249136961748,-67,-153,-26
671,-88.397674560546875,0.8370879890909575,-66,-153,-26
672,-88.474235534667969,0.83676326942540713,-67,-153,-26
673,-88.499160766601562,0.83758911717812679,-66.5,-153,-26
674,-88.599639892578125,0.83827792600040529,-66.5,-153.5,-26
675,-88.680450439453125,0.83883530659383476,-67,-154.5,-26
676,-88.725379943847656,0.83943154644807283,-67,-154,-26
677,-88.7933349609375,0.84018429460857658,-67,-154,-26
678,-88.883316040039062,0.84059107889933915,-67,-154,-26
679,-88.950370788574219,0.84054927386169809,-67,-154,-26
680,-88.992622375488281,0.8406901825782811,-67,-154,-26
681,-89.052642822265625,0.84132293824423265,-67,-155,-26
682,-89.158378601074219,0.84185084685522993,-67,-155,-26
683,-89.255836486816406,0.84210256036853681,-67,-155,-26
684,-89.244552612304688,0.84285687285729249,-67,-155,-26
685,-89.312171936035156,0.84331398443929018,-67,-155,-26
686,-89.339668273925781,0.84346269743073343,-67,-155,-26
687,-89.430419921875,0.84359829246765439,-67,-155,-26
688,-89.461051940917969,0.84411957825229766,-67,-155,-26
689,-89.510337829589844,0.84502212869226756,-67,-155.81999999999994,-26
690,-89.61260986328125,0.84518882587922894,-67.5,-156,-26
691,-89.690284729003906,0.84527884107623841,-67.5,-156,-26
692,-89.749412536621094,0.84567360963660276,-67.5,-156,-26
693,-89.809211730957031,0.84589999552601014,-67,-156,-26
694,-89.834358215332031,0.84623889602928082,-67.5,-156,-26.5
695,-89.932716369628906,0.84660411987271567,-68,-157,-26
696,-89.99139404296875,0.84651094938250526,-68,-156,-26.5
697,-90.080474853515625,0.84734209145727313,-68,-157,-26
698,-90.120491027832031,0.84799605289386615,-68,-156,-26
699,-90.199844360351562,0.84784697985753821,-68,-157,-26
700,-90.261650085449219,0.84801408152475555,-68,-157,-26
701,-90.277633666992188,0.84836365169081229,-68,-157,-26
702,-90.383255004882812,0.84889465904240646,-68,-157,-26
703,-90.49468994140625,0.84905548385220209,-68,-157,-26
704,-90.591598510742188,0.84902986620704513,-68,-157,-27
705,-90.647369384765625,0.84973494477159195,-68,-157.81999999999994,-26.5
706,-90.714431762695312,0.85018704115520205,-68,-157.5,-27
707,-90.789314270019531,0.85059138599318007,-68.5,-157,-26.5
708,-90.786964416503906,0.85125793210762579,-69,-157,-26.5
709,-90.820388793945312,0.85130043077377349,-69,-158,-27
710,-90.85101318359375,0.85207963245673557,-69,-158,-26.5
711,-90.88543701171875,0.8521990382672151,-69,-158,-26.680000000000291
712,-90.957977294921875,0.85236934570685374,-69,-157.5,-27
713,-91.007156372070312,0.85294241092550571,-69,-158,-26.5
714,-91.067398071289062,0.85316849852411836,-69,-158,-26.5
715,-91.078575134277344,0.85374076433803969,-69,-157.5,-26
716,-91.134567260742188,0.85405581772059957,-69,-158,-27
717,-91.168327331542969,0.85451999021998115,-69,-158,-26.5
718,-91.231025695800781,0.85464036922733477,-69,-158,-26
719,-91.3099365234375,0.85490954633716087,-69,-158.31999999999994,-27
720,-91.331619262695312,0.85518572767099243,-69,-158,-27
721,-91.373420715332031,0.85515601387651397,-69,-158,-26.680000000000291
722,-91.393424987792969,0.85585475346620621,-69,-158.81999999999994,-27
723,-91.459373474121094,0.85627015465299861,-69,-158,-26.680000000000291
724,-91.490440368652344,0.85617663594443294,-69,-158,-27
725,-91.517601013183594,0.85639413933692354,-69,-158,-26.680000000000291
726,-91.587684631347656,0.856972638317961,-69,-158,-27
727,-91.624458312988281,0.85715044102259774,-69,-158,-27
728,-91.683242797851562,0.85745570271187488,-69,-158,-26.5
729,-91.729293823242188,0.85755302277164458,-69,-158.5,-26.5
730,-91.790992736816406,0.85786165585536489,-69,-158.5,-27
731,-91.80462646484375,0.85807217486242826,-69,-159,-27
732,-91.871353149414062,0.85845181173025875,-69,-158,-27
733,-91.89471435546875,0.85899854850652801,-69,-158.5,-27
734,-91.925559997558594,0.8592960980541593,-69.5,-159,-26.5
735,-91.974960327148438,0.85989103907741515,-69.5,-159,-27
736,-91.985023498535156,0.85989036055875734,-69,-159,-27
737,-92.030067443847656,0.85999836547180641,-69,-159,-27
738,-92.0384521484375,0.86031375325220683,-69,-159,-27
739,-92.050071716308594,0.86033851199992173,-69,-159,-27
740,-92.09600830078125,0.86036672735511543,-70,-159,-27
741,-92.184417724609375,0.86072242346754479,-70,-159.5,-27
742,-92.204200744628906,0.86095503273149954,-70,-160,-27
743,-92.237289428710938,0.86139774056070928,-70,-159,-27
744,-92.299766540527344,0.86157253161592828,-70,-159.5,-27
745,-92.339447021484375,0.86207889334829235,-69.5,-160,-27
746,-92.39532470703125,0.86205391217499205,-70,-160,-27
747,-92.438919067382812,0.86220635556338721,-69.5,-160,-27
748,-92.488204956054688,0.86233327648144886,-70,-160,-27
749,-92.554374694824219,0.86242849429614754,-70,-159.5,-27
750,-92.591926574707031,0.86287731309240223,-70,-159,-27
751,-92.619987487792969,0.86316513919667914,-70,-159,-27
752,-92.668266296386719,0.86313471696279942,-70,-159,-27
753,-92.706718444824219,0.86331211018072496,-70,-160,-27
754,-92.747962951660156,0.86345092966765891,-70,-160,-27
755,-92.791435241699219,0.86320832152275062,-70,-160.5,-27
756,-92.808876037597656,0.86342276796456463,-70,-160,-27
757,-92.844306945800781,0.86374454330738759,-70,-160,-27
758,-92.854591369628906,0.86383016048624772,-70,-160,-27.5
759,-92.877944946289062,0.86418278089771805,-70,-160,-27
760,-92.913604736328125,0.8643278949626374,-70,-160,-28
761,-92.934837341308594,0.86422774412960257,-70,-161,-28
762,-92.94769287109375,0.86450597766548509,-70.5,-160.81999999999994,-27.5
763,-92.974853515625,0.86443664771891393,-70,-160,-28
764,-92.960433959960938,0.86459859850753407,-70.5,-161,-27.5
765,-92.965354919433594,0.86484213443574876,-71,-160.5,-27
766,-92.964118957519531,0.86453592126868706,-71,-161,-27
767,-92.981559753417969,0.86472395339225505,-70.5,-161,-27
768,-93.020454406738281,0.86515754090505859,-71,-161,-27.5
769,-93.014198303222656,0.86536382058005101,-71,-161,-27.5
770,-93.017547607421875,0.86602550293096003,-71,-161,-27.5
771,-93.07086181640625,0.8664690122685591,-71,-161,-28
772,-93.092208862304688,0.86653891979690056,-71,-161,-28
773,-93.104057312011719,0.86670464049018425,-71,-161,-28
774,-93.125625610351562,0.867068049972049,-71,-161,-28
775,-93.159492492675781,0.8674416121681725,-71,-161,-28
776,-93.200851440429688,0.86772845604260174,-71,-161.31999999999994,-28
777,-93.194252014160156,0.8678300752087309,-71,-161.5,-28
778,-93.270034790039062,0.86797701006198769,-71,-161,-28
779,-93.2847900390625,0.86750910897559819,-71,-161.31999999999994,-28
780,-93.304237365722656,0.86751005597000541,-71,-161,-28
781,-93.313285827636719,0.86757355858951091,-71,-161,-28
782,-93.342796325683594,0.86802379726117807,-71,-161.31999999999994,-28
783,-93.391304016113281,0.86811487651380603,-71,-161.5,-28
784,-93.421928405761719,0.86819109363081348,-71,-162,-28
785,-93.403823852539062,0.86846546982616502,-71,-161.81999999999994,-28
786,-93.455123901367188,0.86842544510771669,-71,-162,-27.5
787,-93.518608093261719,0.86861505489243729,-71,-162,-28
788,-93.522407531738281,0.86818200621413888,-71,-162,-28
789,-93.519279479980469,0.86860656691718019,-71,-162,-27.5
790,-93.58477783203125,0.86895786101914707,-71,-162,-28
791,-93.625457763671875,0.86937140334125973,-71,-162,-28
792,-93.627693176269531,0.86917212552370637,-71,-161.81999999999994,-27.680000000000291
793,-93.664131164550781,0.86931577700170237,-71,-162,-28
794,-93.716102600097656,0.86940029576725475,-71,-162,-28
795,-93.71990966796875,0.86969755885696787,-71,-162,-28
796,-93.70001220703125,0.86933067420201915,-71,-162,-28
797,-93.709175109863281,0.8694140509310474,-71,-162,-28
798,-93.748298645019531,0.86944996802442043,-71,-162,-28
799,-93.772102355957031,0.86956198845834987,-71,-161.5,-28
800,-93.770652770996094,0.86961451629382647,-71,-161.5,-28
801,-93.742820739746094,0.86951353791815722,-71,-162,-28
802,-93.739021301269531,0.86937810517010039,-71,-162,-28
803,-93.770652770996094,0.86940933095092177,-71,-162.31999999999994,-28
804,-93.750869750976562,0.86958089183302978,-71.5,-162,-28
805,-93.783058166503906,0.86981230289002687,-71.5,-162,-28
806,-93.76092529296875,0.86993378817005518,-72,-162,-28
807,-93.747291564941406,0.87037640536225269,-71,-162,-28
808,-93.819717407226562,0.87050781459769822,-71.5,-162,-28
809,-93.775680541992188,0.87052330477616058,-72,-161.5,-28
810,-93.801948547363281,0.8709525919254576,-72,-161.5,-28
811,-93.833686828613281,0.87133111948002839,-72,-162,-28
812,-93.869232177734375,0.87123193628144346,-71.5,-162,-28
813,-93.8555908203125,0.8712161361403491,-71.5,-162,-28
814,-93.88677978515625,0.8712210540843518,-72,-162,-28
815,-93.896392822265625,0.87160896267286925,-72,-162,-28
816,-93.9178466796875,0.87142033827479914,-72,-162,-28
817,-93.886665344238281,0.87156687032345614,-71,-161,-28
818,-93.911811828613281,0.87137086475520575,-72,-161,-28
819,-93.875938415527344,0.87163630704293726,-72,-162,-28
820,-93.916397094726562,0.87199205551085113,-72,-162,-28
821,-93.895606994628906,0.87212591060942646,-72,-162,-28
822,-93.92120361328125,0.8719350501609735,-72,-161.5,-28
823,-93.942214965820312,0.87201473377750738,-72,-162,-28
824,-93.958198547363281,0.87221546190245958,-72,-162.5,-28
825,-94.016761779785156,0.87231280447665061,-72,-162,-28
826,-94.002685546875,0.8719802598175721,-72,-162.31999999999994,-28
827,-93.979545593261719,0.87202715655825569,-72,-162,-28
828,-94.004020690917969,0.87172131297213928,-72,-162,-28
829,-94.029617309570312,0.8720519129826747,-72,-162,-28
830,-94.046051025390625,0.87176999252004561,-72,-162,-28
831,-94.037330627441406,0.87146254549770863,-72,-162,-28
832,-94.078910827636719,0.87133044386425251,-72,-162.5,-28
833,-94.072982788085938,0.87108793533226481,-72,-162,-28
834,-94.06292724609375,0.87091881267996052,-72,-162.31999999999994,-28
835,-94.06024169921875,0.87105935116134792,-72,-162,-28
836,-94.082710266113281,0.87108390827716253,-72,-162,-28
837,-94.079689025878906,0.87150525054231853,-72,-162,-28
838,-94.055770874023438,0.87122927736314615,-72,-162,-28
839,-94.108978271484375,0.87157449406201082,-72,-163,-28
840,-94.121383666992188,0.87143019192907734,-72,-162,-28
841,-94.127861022949219,0.87187008297936497,-72,-162,-28
842,-94.099029541015625,0.87210119681564346,-72,-162,-28
843,-94.11322021484375,0.87210072437249642,-72,-162.31999999999994,-28
844,-94.13043212890625,0.87202698839644177,-72,-162,-28
845,-94.151222229003906,0.87267336484758828,-72,-162.5,-28
846,-94.170562744140625,0.87225760520683737,-72,-162,-28
847,-94.154579162597656,0.87241581885254538,-72,-163,-28
848,-94.184196472167969,0.87231656386164436,-72,-163,-28
849,-94.209564208984375,0.87249285356299489,-72,-163,-28
850,-94.238853454589844,0.8725700151589636,-72,-163,-28
851,-94.24835205078125,0.87265122934529382,-72,-163,-28
852,-94.2198486328125,0.8724817449934984,-72,-163,-28
853,-94.255950927734375,0.87283726439664888,-72,-163,-28
854,-94.262435913085938,0.87277078011191378,-72,-163,-28
855,-94.29998779296875,0.87291985901675273,-72,-162.31999999999994,-28
856,-94.264892578125,0.87324692977034402,-72,-163,-28
857,-94.235496520996094,0.87372893440516597,-72,-163,-28
858,-94.258743286132812,0.87402123042495783,-72,-163,-28
859,-94.255615234375,0.87395526127931056,-72,-163,-28
860,-94.251365661621094,0.87461831637321208,-72,-163,-28
861,-94.240638732910156,0.87443898216951454,-72,-163,-27.5
862,-94.22320556640625,0.87438178896197938,-71.5,-163,-28
863,-94.256065368652344,0.87448648378935301,-72,-163,-28
864,-94.267463684082031,0.87417506923545441,-71,-163,-28
865,-94.259414672851562,0.87396702288199568,-71.5,-163,-27.680000000000291
866,-94.272384643554688,0.87425202328359053,-71.5,-163.5,-28
867,-94.277748107910156,0.87431375452629967,-72,-163,-28
868,-94.269920349121094,0.87468451309897599,-72,-163,-28
869,-94.271934509277344,0.87459355121195903,-72,-163,-28
870,-94.247230529785156,0.87427037902554006,-71,-163,-28
871,-94.23638916015625,0.87437062776065633,-71,-163,-28
872,-94.219406127929688,0.87427003028401318,-71,-163,-28
873,-94.206214904785156,0.87411583784261004,-71,-163,-28
874,-94.209793090820312,0.87435117460659506,-71,-163,-28
875,-94.213371276855469,0.87435243533362716,-71,-163,-28
876,-94.233711242675781,0.87444885788250326,-71,-163,-28
877,-94.210128784179688,0.87451304720442735,-71,-163,-28
878,-94.188888549804688,0.87456784021675982,-71,-163,-28
879,-94.186317443847656,0.87452562958550517,-71,-163,-28
880,-94.1483154296875,0.87430953461331262,-71,-163,-28
881,-94.16485595703125,0.87428741110278907,-72,-163,-28
882,-94.122390747070312,0.87440729907456238,-72,-163,-28
883,-94.115684509277344,0.87433019815637036,-71,-163.81999999999994,-28
884,-94.115348815917969,0.87434909367359004,-71,-163.31999999999994,-28
885,-94.095451354980469,0.87415391332363135,-71,-163,-28
886,-94.070411682128906,0.87462127309987503,-71,-163,-27.680000000000291
887,-94.112442016601562,0.87450195307685052,-71.5,-163,-28
888,-94.0980224609375,0.87477464533453442,-72,-162.5,-28
889,-94.078239440917969,0.87453792166692801,-71.5,-163,-28
890,-94.074775695800781,0.87446457169461733,-71,-163,-28
891,-94.109085083007812,0.8746012734077464,-71,-163,-28
892,-94.100700378417969,0.8743591053830484,-71,-163,-28
893,-94.103721618652344,0.87433581732877874,-71,-163.31999999999994,-28
894,-94.066726684570312,0.87438418875532664,-71,-163,-28
895,-94.056892395019531,0.87425166484953831,-71,-163,-28
896,-94.068626403808594,0.87412826790545084,-71,-163,-28
897,-94.067176818847656,0.8737715013315468,-71,-163,-28
898,-94.087181091308594,0.87422203916589214,-71,-163,-28
899,-94.061920166015625,0.8742119258406994,-71,-163,-28
900,-94.050071716308594,0.87423338330160771,-71,-163,-27
901,-94.044822692871094,0.87431370614100801,-71,-163,-27.5
902,-94.0172119140625,0.87397237977438536,-71,-163,-28
903,-94.014419555664062,0.87359415482220992,-71,-163,-28
904,-93.987594604492188,0.87338605268407643,-71,-163,-27.5
905,-93.960655212402344,0.8729943839740083,-71,-163,-27.5
906,-93.960769653320312,0.87290186356729393,-71,-163,-27.5
907,-94.000892639160156,0.8727923110617859,-71,-163,-27.5
908,-93.988037109375,0.87266691750030734,-71,-163,-27
909,-93.993629455566406,0.87237953909697896,-71,-163,-28
910,-93.99407958984375,0.87229970781227839,-71,-163,-27.5
911,-93.989494323730469,0.87235672019386801,-71,-163,-28
912,-93.964454650878906,0.8725030607961326,-71,-163,-28
913,-93.935394287109375,0.87226305480697452,-71,-163,-27.5
914,-93.928466796875,0.87228343361666649,-71,-163,-27
915,-93.90533447265625,0.87231512709919612,-71,-163,-27.680000000000291
916,-93.908683776855469,0.87189254955549289,-71,-162.81999999999994,-28
917,-93.907341003417969,0.87226746302274849,-71,-162.5,-27
918,-93.932266235351562,0.87260980769647767,-71,-163,-27
919,-93.900634765625,0.8728353233888515,-71,-163,-27.180000000000291
920,-93.895606994628906,0.8723538736108718,-71,-163,-27
921,-93.861518859863281,0.87209573970881304,-71,-163,-27
922,-93.862632751464844,0.87256803638502212,-71,-163,-27
923,-93.85235595703125,0.87218804922223292,-71,-162.81999999999994,-27
924,-93.839836120605469,0.87196278334548405,-71,-163,-27.5
925,-93.8741455078125,0.87191599153315469,-71,-163,-27
926,-93.850006103515625,0.87210230311603554,-71,-163,-27.5
927,-93.876945495605469,0.8721008906074994,-71,-163,-27.5
928,-93.857826232910156,0.87177253729854076,-71,-163,-27
929,-93.847991943359375,0.87171482339779893,-71,-163,-27
930,-93.852798461914062,0.8715452750308379,-71,-162.5,-27.5
931,-93.8741455078125,0.87166104667035471,-71,-163,-27
932,-93.879959106445312,0.87150413160540841,-71,-163,-27
933,-93.839500427246094,0.87180440531436854,-71,-163,-27
934,-93.882194519042969,0.87168616213453898,-71,-163.31999999999994,-27.5
935,-93.881744384765625,0.87173440567907456,-71,-163,-27
936,-93.853805541992188,0.87161848640666939,-71,-163,-27
937,-93.857383728027344,0.87147363108879239,-71,-163,-27.5
938,-93.90924072265625,0.87113378039519129,-71,-163,-28
939,-93.915611267089844,0.87128451568129051,-71,-164,-27.5
940,-93.915504455566406,0.87144148188629234,-71,-163.5,-27.180000000000291
941,-93.898063659667969,0.87144279311541784,-71,-163,-27
942,-93.872024536132812,0.87135215370809327,-71,-164,-27.5
943,-93.857826232910156,0.87163597643622437,-71,-163,-27
944,-93.836372375488281,0.87125501280593909,-71,-163.81999999999994,-28
945,-93.861518859863281,0.87088054410072557,-71,-164,-27.180000000000291
946,-93.869232177734375,0.87100543679355835,-71,-163,-27.5
947,-93.854927062988281,0.87107582532723982,-71,-163,-27
948,-93.856376647949219,0.8708370098151722,-71,-163,-27.5
949,-93.82049560546875,0.87079165302916139,-71,-163,-27.5
950,-93.82977294921875,0.87075921985973137,-71,-163,-27.5
951,-93.838272094726562,0.87066881635453519,-71,-163.81999999999994,-28
952,-93.81390380859375,0.870547303637631,-71,-163.31999999999994,-27.5
953,-93.794456481933594,0.8702760001204648,-71,-163,-27.5
954,-93.786407470703125,0.87002425682445328,-71,-163,-27.5
955,-93.768081665039062,0.87010001061909148,-71,-162.5,-28
956,-93.737342834472656,0.87003067531060096,-71,-163,-28
957,-93.731086730957031,0.86960330716293388,-71,-163,-27.5
958,-93.674415588378906,0.86975573414241791,-71,-163,-27.5
959,-93.687042236328125,0.8698396282013755,-71,-163,-28
960,-93.660552978515625,0.87011183049632124,-71,-162,-27
961,-93.648147583007812,0.87009470217465779,-71,-162.5,-27.5
962,-93.660446166992188,0.87017706245155046,-70.5,-162.81999999999994,-27.5
963,-93.658210754394531,0.87016706490765638,-70.5,-163,-27.5
964,-93.615737915039062,0.87011141978954065,-71,-162,-28
965,-93.59271240234375,0.8701082101608032,-70.5,-162.5,-27.5
966,-93.543869018554688,0.86997549306879507,-70.5,-162.81999999999994,-27.680000000000291
967,-93.537834167480469,0.86985216882034866,-70.5,-162.5,-27.5
968,-93.55169677734375,0.8701740718042027,-71,-162,-27.5
969,-93.547447204589844,0.87027843063542265,-70.5,-163,-28
970,-93.5377197265625,0.87008877645573346,-70.5,-162,-27
971,-93.493240356445312,0.8701596026166174,-71,-162,-27
972,-93.486534118652344,0.87023328335433281,-71,-162.81999999999994,-27
973,-93.467979431152344,0.87007988488751142,-71,-162,-27
974,-93.434333801269531,0.86975767048891239,-71,-162.5,-27
975,-93.421707153320312,0.86957625270075334,-70,-162,-27
976,-93.408180236816406,0.86989267453614305,-70.5,-163,-27.5
977,-93.389289855957031,0.86989422404810002,-70.5,-162,-27
978,-93.379234313964844,0.86974684010861503,-71,-162.31999999999994,-27
979,-93.357437133789062,0.86979884395207308,-70.5,-162,-27
980,-93.309150695800781,0.86985415047410519,-70,-162,-27
981,-93.321113586425781,0.86958574634456087,-70.5,-162,-27
982,-93.333633422851562,0.86947969815151283,-70,-162,-27
983,-93.307586669921875,0.86981225695060838,-70.5,-162.5,-27.5
984,-93.2861328125,0.87009195334927025,-70,-162,-27
985,-93.262542724609375,0.86987619318791054,-71,-161.81999999999994,-27
986,-93.265342712402344,0.86977920938529085,-71,-161.5,-27.5
987,-93.258407592773438,0.86999538308430191,-70,-162,-27
988,-93.209121704101562,0.8697382532979322,-70,-162,-27
989,-93.185874938964844,0.86969441140495263,-70,-161.5,-27
990,-93.189224243164062,0.87004013061188501,-70,-162,-27
991,-93.169441223144531,0.8700407731080213,-71,-162,-27
992,-93.146308898925781,0.86938801298690194,-71,-161.5,-27
993,-93.145637512207031,0.86962090862386177,-70.5,-161,-27
994,-93.109977722167969,0.86928908827496987,-70,-161,-27
995,-93.120491027832031,0.86963408929469044,-70.5,-161.31999999999994,-27
996,-93.0914306640625,0.86959641968604529,-71,-161,-27
997,-93.0767822265625,0.86932477041250356,-70.5,-160.81999999999994,-27
998,-93.033309936523438,0.86984664713277338,-71,-161,-27
999,-93.047500610351562,0.86934388157834452,-71,-161.31999999999994,-27
1000,-93.013526916503906,0.86902586514904456,-71,-161,-27
1001,-92.960319519042969,0.86930395018866014,-71,-161,-27
1002,-92.924552917480469,0.86971082536889532,-70.5,-161,-27
1003,-92.916954040527344,0.86977012546433985,-70,-161,-27
1004,-92.877723693847656,0.86925646555042191,-71,-161,-27
1005,-92.851905822753906,0.86957406788169522,-70.5,-161,-27
1006,-92.823966979980469,0.86957794691537671,-70,-161,-27
1007,-92.827651977539062,0.87029652361144816,-70,-161,-27
1008,-92.769981384277344,0.87057096532538447,-70,-161,-27
1009,-92.73175048828125,0.87085025735200872,-70,-161,-27
1010,-92.688385009765625,0.87160986049221567,-70,-160.31999999999994,-27
1011,-92.68212890625,0.8720278207371267,-70,-160,-27
1012,-92.671173095703125,0.87250751341091815,-70,-160.81999999999994,-27
1013,-92.611045837402344,0.8727148538142474,-70,-161,-27
1014,-92.588691711425781,0.87299521563769278,-70,-160.5,-27
1015,-92.592155456542969,0.87331590641810286,-70,-160.5,-27
1016,-92.538284301757812,0.87355840371265614,-70,-160,-27
1017,-92.49334716796875,0.87421370982959601,-70,-161,-27
1018,-92.445846557617188,0.87463355703009338,-70,-161,-27
1019,-92.422264099121094,0.87535899987330579,-70,-161,-27
1020,-92.401924133300781,0.8756147158316584,-70.5,-161,-26.680000000000291
1021,-92.294509887695312,0.87683448061792879,-71,-161,-27
1022,-92.17950439453125,0.87923640973157358,-70,-161,-26.5
1023,-91.977867126464844,0.88910422937098854,-70,-160.5,-26.5
