channel	target_frequency_khz	threshold_adc
1010	5.1039695184028506	768.38000000000011
1011	4.5346806366547687	741.01999999999998
1020	4.7077413342431678	727.38000000000011
1021	5.2268908833543479	679.03999999999996
1030	6.2659844655257597	731.92000000000007
1031	6.1854022641417705	747.61999999999989
1040	5.1067210987670206	755.32000000000016
1041	5.2451404302112632	745.69999999999982
1050	6.6385729085899428	802.72000000000025
1051	6.9328820628370265	55.960000000000036
1060	4.880370250655119	715.79999999999995
1061	5.5274399460973909	652.03999999999996
1070	6.1307834507959607	741.96000000000004
1071	6.3844568067073899	717.09999999999991
1080	4.8271961531466259	693.07999999999993
1081	4.8880609670932502	653.25999999999999
2010	1.8894119080467282	696.42000000000007
2011	2.0061067111787731	700.69999999999982
2021	1.7180368960000982	682.19999999999982
2040	4.2502231192555691	655.82000000000016
2050	3.521465211697179	612.29999999999995
2051	2.9586857787368306	621.59999999999991
2060	3.4989435577118284	683.69999999999982
2061	2.8749170315250141	707.92000000000007
2070	1.0310021295974565	707.23999999999978
2071	1.0123131717855409	701.2800000000002
2080	3.1203550481213465	621.65999999999985
2081	3.0576580777395357	622.19999999999982
