channel	target_frequency_khz	threshold_adc
1010	5.1039695184028506	745.94000000000005
1011	4.5346806366547687	756.30000000000018
1020	4.7077413342431678	729.2199999999998
1021	5.2268908833543479	669.98000000000002
1030	6.2659844655257597	735.23999999999978
1031	6.1854022641417705	-2808.5799999999999
1040	5.1067210987670206	693.01999999999998
1041	5.2451404302112632	729.05999999999995
1050	6.6385729085899428	669.35999999999967
1051	6.9328820628370265	-2044.6399999999994
1060	4.880370250655119	734.70000000000005
1061	5.5274399460973909	726.88000000000011
1070	6.1307834507959607	718.38000000000011
1071	6.3844568067073899	684.09999999999991
1080	4.8271961531466259	684.5
1081	4.8880609670932502	696.51999999999998
2010	1.8894119080467282	711.94000000000005
2011	2.0061067111787731	713.7800000000002
2021	1.7180368960000982	697.76000000000022
2040	4.2502231192555691	668.30000000000018
2050	3.521465211697179	634.01999999999998
2051	2.9586857787368306	640.16000000000008
2060	3.4989435577118284	701.15999999999985
2061	2.8749170315250141	722.92000000000007
2070	1.0310021295974565	718.48000000000002
2071	1.0123131717855409	706.86000000000013
2080	3.1203550481213465	636.92000000000007
2081	3.0576580777395357	634.57999999999993
