channel	target_frequency_khz	threshold_adc
1010	5.1039695184028506	738.40000000000009
1011	4.5346806366547687	726.63999999999987
1020	4.7077413342431678	702.09999999999991
1021	5.2268908833543479	707.48000000000002
1030	6.2659844655257597	717.63999999999987
1031	6.1854022641417705	764.46000000000004
1040	5.1067210987670206	756.92000000000007
1041	5.2451404302112632	729.11999999999989
1050	6.6385729085899428	846.77999999999975
1051	6.9328820628370265	664.46000000000004
1060	4.880370250655119	685.79999999999995
1061	5.5274399460973909	618.03999999999996
1070	6.1307834507959607	692.42000000000007
1071	6.3844568067073899	702.5
1080	4.8271961531466259	690.79999999999995
1081	4.8880609670932502	648.40000000000009
2010	1.8894119080467282	672.2199999999998
2011	2.0061067111787731	678.01999999999998
2021	1.7180368960000982	656.36000000000013
2040	4.2502231192555691	635.55999999999995
2050	3.521465211697179	597.68000000000006
2051	2.9586857787368306	607.70000000000005
2060	3.4989435577118284	668.55999999999995
2061	2.8749170315250141	694.51999999999998
2070	1.0310021295974565	698.03999999999996
2071	1.0123131717855409	693.23999999999978
2080	3.1203550481213465	608.88000000000011
2081	3.0576580777395357	609.05999999999995
