channel	target_frequency_khz	threshold_adc
1010	5.1039695184028506	744.09999999999991
1011	4.5346806366547687	665.46000000000004
1020	4.7077413342431678	698.2800000000002
1021	5.2268908833543479	-2645.4200000000001
1030	6.2659844655257597	671.5
1031	6.1854022641417705	715.88000000000011
1040	5.1067210987670206	667.90000000000009
1041	5.2451404302112632	744.46000000000004
1050	6.6385729085899428	822.31999999999971
1051	6.9328820628370265	593.69999999999982
1060	4.880370250655119	692.74000000000001
1061	5.5274399460973909	702.66000000000008
1070	6.1307834507959607	734.67999999999984
1071	6.3844568067073899	639.63999999999987
1080	4.8271961531466259	611.42000000000007
1081	4.8880609670932502	636.05999999999995
2010	1.8894119080467282	635.63999999999987
2011	2.0061067111787731	637.92000000000007
2021	1.7180368960000982	623.69999999999982
2040	4.2502231192555691	592.5
2050	3.521465211697179	574.3599999999999
2051	2.9586857787368306	574.1400000000001
2060	3.4989435577118284	655.03999999999996
2061	2.8749170315250141	660.46000000000004
2070	1.0310021295974565	711.82000000000016
2071	1.0123131717855409	701.65999999999985
2080	3.1203550481213465	580.40000000000009
2081	3.0576580777395357	576.7199999999998
