channel	target_frequency_khz	threshold_adc
1010	5.1039695184028506	716.38000000000011
1011	4.5346806366547687	659.51999999999998
1020	4.7077413342431678	696.73999999999978
1021	5.2268908833543479	782.46000000000004
1030	6.2659844655257597	652.05999999999995
1031	6.1854022641417705	-2835.3600000000006
1040	5.1067210987670206	676.53999999999996
1041	5.2451404302112632	669.51999999999998
1050	6.6385729085899428	375.68000000000029
1051	6.9328820628370265	-1981.6000000000004
1060	4.880370250655119	715.98000000000002
1061	5.5274399460973909	670.96000000000004
1070	6.1307834507959607	690.57999999999993
1071	6.3844568067073899	-2887.0200000000004
1080	4.8271961531466259	643.88000000000011
1081	4.8880609670932502	642.92000000000007
2010	1.8894119080467282	669.17999999999984
2011	2.0061067111787731	672
2021	1.7180368960000982	659.13999999999987
2040	4.2502231192555691	629.11999999999989
2050	3.521465211697179	602.38000000000011
2051	2.9586857787368306	606.53999999999996
2060	3.4989435577118284	680.34000000000015
2061	2.8749170315250141	697.80000000000018
2070	1.0310021295974565	691.34000000000015
2071	1.0123131717855409	677.76000000000022
2080	3.1203550481213465	612.30000000000018
2081	3.0576580777395357	609.86000000000013
