channel	target_frequency_khz	threshold_adc
1010	5.1039695184028506	687.65999999999985
1011	4.5346806366547687	687.17999999999984
1020	4.7077413342431678	690.7800000000002
1021	5.2268908833543479	749.23999999999978
1030	6.2659844655257597	707.07999999999993
1031	6.1854022641417705	13.880000000000109
1040	5.1067210987670206	659.84000000000015
1041	5.2451404302112632	689.26000000000022
1050	6.6385729085899428	676
1051	6.9328820628370265	-1960.6399999999994
1060	4.880370250655119	700.05999999999995
1061	5.5274399460973909	-2752.5799999999999
1070	6.1307834507959607	672.70000000000005
1071	6.3844568067073899	33.920000000000073
1080	4.8271961531466259	647.26000000000022
1081	4.8880609670932502	-2770.5200000000004
2010	1.8894119080467282	645.2199999999998
2011	2.0061067111787731	647.40000000000009
2021	1.7180368960000982	633.15999999999985
2040	4.2502231192555691	611.90000000000009
2050	3.521465211697179	590.09999999999991
2051	2.9586857787368306	593.75999999999999
2060	3.4989435577118284	671.65999999999985
2061	2.8749170315250141	685.7199999999998
2070	1.0310021295974565	696.32000000000016
2071	1.0123131717855409	691.55999999999995
2080	3.1203550481213465	599.61999999999989
2081	3.0576580777395357	597.90000000000009
