channel	target_frequency_khz	threshold_adc
1010	5.1039695184028506	772.2800000000002
1011	4.5346806366547687	733.7800000000002
1020	4.7077413342431678	766.44000000000005
1021	5.2268908833543479	670.80000000000018
1030	6.2659844655257597	691.63999999999987
1031	6.1854022641417705	734.82000000000016
1040	5.1067210987670206	747.7199999999998
1041	5.2451404302112632	728.69999999999982
1050	6.6385729085899428	703.88000000000011
1051	6.9328820628370265	-2018.5799999999999
1060	4.880370250655119	748.75999999999999
1061	5.5274399460973909	728.42000000000007
1070	6.1307834507959607	719.42000000000007
1071	6.3844568067073899	710.72000000000003
1080	4.8271961531466259	718.94000000000005
1081	4.8880609670932502	724.88000000000011
2010	1.8894119080467282	743.44000000000005
2011	2.0061067111787731	745.42000000000007
2021	1.7180368960000982	730.40000000000009
2040	4.2502231192555691	697.40000000000009
2050	3.521465211697179	655.83999999999992
2051	2.9586857787368306	668.38000000000011
2060	3.4989435577118284	716.82000000000016
2061	2.8749170315250141	745.05999999999995
2070	1.0310021295974565	729.05999999999995
2071	1.0123131717855409	719.2199999999998
2080	3.1203550481213465	668.05999999999995
2081	3.0576580777395357	666.42000000000007
