channel	target_frequency_khz	threshold_adc
1010	5.1039695184028506	765.46000000000004
1011	4.5346806366547687	731.67999999999984
1020	4.7077413342431678	745.94000000000005
1021	5.2268908833543479	646.90000000000009
1030	6.2659844655257597	711.76000000000022
1031	6.1854022641417705	772.57999999999993
1040	5.1067210987670206	740.84000000000015
1041	5.2451404302112632	720.69999999999982
1050	6.6385729085899428	801.30000000000018
1051	6.9328820628370265	-2092.1599999999999
1060	4.880370250655119	747.53999999999996
1061	5.5274399460973909	735.27999999999997
1070	6.1307834507959607	729.74000000000001
1071	6.3844568067073899	696.98000000000002
1080	4.8271961531466259	696.30000000000018
1081	4.8880609670932502	666.55999999999995
2010	1.8894119080467282	730.80000000000018
2011	2.0061067111787731	732.80000000000018
2021	1.7180368960000982	716.73999999999978
2040	4.2502231192555691	690.07999999999993
2050	3.521465211697179	647.18000000000006
2051	2.9586857787368306	656.3599999999999
2060	3.4989435577118284	713.26000000000022
2061	2.8749170315250141	737.94000000000005
2070	1.0310021295974565	727.67999999999984
2071	1.0123131717855409	719.69999999999982
2080	3.1203550481213465	659.7800000000002
2081	3.0576580777395357	660.11999999999989
