channel	target_frequency_khz	threshold_adc
1010	5.1039695184028506	718.2199999999998
1011	4.5346806366547687	659.07999999999993
1020	4.7077413342431678	699.2800000000002
1021	5.2268908833543479	770.57999999999993
1030	6.2659844655257597	611.69999999999982
1031	6.1854022641417705	-2922.5400000000009
1040	5.1067210987670206	672.88000000000011
1041	5.2451404302112632	662.90000000000009
1050	6.6385729085899428	621.96000000000004
1051	6.9328820628370265	-2210.4400000000005
1060	4.880370250655119	713.24000000000001
1061	5.5274399460973909	656.46000000000004
1070	6.1307834507959607	686.18000000000006
1071	6.3844568067073899	-3036.0599999999995
1080	4.8271961531466259	647.13999999999987
1081	4.8880609670932502	626.38000000000011
2010	1.8894119080467282	662.30000000000018
2011	2.0061067111787731	664.96000000000004
2021	1.7180368960000982	652.01999999999998
2040	4.2502231192555691	625.5
2050	3.521465211697179	603.42000000000007
2051	2.9586857787368306	608.31999999999994
2060	3.4989435577118284	679.2199999999998
2061	2.8749170315250141	698.30000000000018
2070	1.0310021295974565	686.67999999999984
2071	1.0123131717855409	682.53999999999996
2080	3.1203550481213465	611.17999999999984
2081	3.0576580777395357	607.82000000000016
