channel	target_frequency_khz	threshold_adc
1010	5.1039695184028506	799.34000000000015
1011	4.5346806366547687	777.44000000000005
1020	4.7077413342431678	756.94000000000005
1021	5.2268908833543479	-2624.7199999999993
1030	6.2659844655257597	774.67999999999984
1031	6.1854022641417705	802.7199999999998
1040	5.1067210987670206	748.7800000000002
1041	5.2451404302112632	777.55999999999995
1050	6.6385729085899428	915.69999999999982
1051	6.9328820628370265	736.52000000000044
1060	4.880370250655119	742.6400000000001
1061	5.5274399460973909	755.74000000000001
1070	6.1307834507959607	815.81999999999994
1071	6.3844568067073899	750.1400000000001
1080	4.8271961531466259	684.70000000000005
1081	4.8880609670932502	663.03999999999996
2010	1.8894119080467282	692.61999999999989
2011	2.0061067111787731	701.59999999999991
2021	1.7180368960000982	676.7199999999998
2040	4.2502231192555691	635.76000000000022
2050	3.521465211697179	604.24000000000001
2051	2.9586857787368306	600.48000000000002
2060	3.4989435577118284	686.86000000000013
2061	2.8749170315250141	696.53999999999996
2070	1.0310021295974565	750.7199999999998
2071	1.0123131717855409	744.2800000000002
2080	3.1203550481213465	609.30000000000018
2081	3.0576580777395357	606.82000000000016
