channel	target_frequency_khz	threshold_adc
1010	5.1039695184028506	725.30000000000018
1011	4.5346806366547687	677.88000000000011
1020	4.7077413342431678	709.96000000000004
1021	5.2268908833543479	793.46000000000004
1030	6.2659844655257597	663.11999999999989
1031	6.1854022641417705	-2811.1599999999999
1040	5.1067210987670206	687.05999999999995
1041	5.2451404302112632	680.7199999999998
1050	6.6385729085899428	476.14000000000033
1051	6.9328820628370265	-2098.5400000000009
1060	4.880370250655119	724.18000000000006
1061	5.5274399460973909	682.5
1070	6.1307834507959607	680.77999999999997
1071	6.3844568067073899	-2886.0799999999999
1080	4.8271961531466259	648.69999999999982
1081	4.8880609670932502	647.79999999999995
2010	1.8894119080467282	680.13999999999987
2011	2.0061067111787731	682.5
2021	1.7180368960000982	664.7199999999998
2040	4.2502231192555691	636.01999999999998
2050	3.521465211697179	612.5
2051	2.9586857787368306	617.27999999999997
2060	3.4989435577118284	687.17999999999984
2061	2.8749170315250141	704.88000000000011
2070	1.0310021295974565	699.38000000000011
2071	1.0123131717855409	687.7199999999998
2080	3.1203550481213465	620.15999999999985
2081	3.0576580777395357	617.48000000000002
