channel	target_frequency_khz	threshold_adc
1010	5.1039695184028506	806.2199999999998
1011	4.5346806366547687	751.94000000000005
1020	4.7077413342431678	812.53999999999996
1021	5.2268908833543479	802.61999999999989
1030	6.2659844655257597	710.76000000000022
1031	6.1854022641417705	738.5
1040	5.1067210987670206	734.5
1041	5.2451404302112632	791.86000000000013
1050	6.6385729085899428	775.14000000000033
1051	6.9328820628370265	-1964.0599999999995
1060	4.880370250655119	775.07999999999993
1061	5.5274399460973909	697.11999999999989
1070	6.1307834507959607	721.66000000000008
1071	6.3844568067073899	698.92000000000007
1080	4.8271961531466259	717.76000000000022
1081	4.8880609670932502	727.31999999999994
2010	1.8894119080467282	793.32000000000016
2011	2.0061067111787731	797.80000000000018
2021	1.7180368960000982	776.67999999999984
2040	4.2502231192555691	718.82000000000016
2050	3.521465211697179	678.55999999999995
2051	2.9586857787368306	693.8599999999999
2060	3.4989435577118284	728.82000000000016
2061	2.8749170315250141	759.98000000000002
2070	1.0310021295974565	750.34000000000015
2071	1.0123131717855409	738.63999999999987
2080	3.1203550481213465	692.38000000000011
2081	3.0576580777395357	695.03999999999996
