channel	target_frequency_khz	threshold_adc
1010	5.1039695184028506	785.32000000000016
1011	4.5346806366547687	742.82000000000016
1020	4.7077413342431678	822.34000000000015
1021	5.2268908833543479	791.59999999999991
1030	6.2659844655257597	479.09999999999991
1031	6.1854022641417705	677.76000000000022
1040	5.1067210987670206	733.07999999999993
1041	5.2451404302112632	793.65999999999985
1050	6.6385729085899428	705.69999999999982
1051	6.9328820628370265	-2061.3600000000006
1060	4.880370250655119	793.18000000000006
1061	5.5274399460973909	679.53999999999996
1070	6.1307834507959607	645.92000000000007
1071	6.3844568067073899	596.98000000000002
1080	4.8271961531466259	718.29999999999995
1081	4.8880609670932502	729.25999999999999
2010	1.8894119080467282	821.30000000000018
2011	2.0061067111787731	826.44000000000005
2021	1.7180368960000982	800.73999999999978
2040	4.2502231192555691	740.34000000000015
2050	3.521465211697179	708.03999999999996
2051	2.9586857787368306	729.53999999999996
2060	3.4989435577118284	742
2061	2.8749170315250141	776.26000000000022
2070	1.0310021295974565	757.90000000000009
2071	1.0123131717855409	749.44000000000005
2080	3.1203550481213465	723.36000000000013
2081	3.0576580777395357	727.09999999999991
