channel	target_frequency_khz	threshold_adc
1010	5.1039695184028506	755.48000000000002
1011	4.5346806366547687	678.42000000000007
1020	4.7077413342431678	686.17999999999984
1021	5.2268908833543479	788.05999999999995
1030	6.2659844655257597	742.13999999999987
1031	6.1854022641417705	801.92000000000007
1040	5.1067210987670206	690.30000000000018
1041	5.2451404302112632	738.7800000000002
1050	6.6385729085899428	848.27999999999975
1051	6.9328820628370265	688.97999999999956
1060	4.880370250655119	684.73999999999978
1061	5.5274399460973909	725.05999999999995
1070	6.1307834507959607	774.25999999999999
1071	6.3844568067073899	724.51999999999998
1080	4.8271961531466259	645.61999999999989
1081	4.8880609670932502	656.24000000000001
2010	1.8894119080467282	665.32000000000016
2011	2.0061067111787731	661.55999999999995
2021	1.7180368960000982	652.82000000000016
2040	4.2502231192555691	617.92000000000007
2050	3.521465211697179	610.94000000000005
2051	2.9586857787368306	611.75999999999999
2060	3.4989435577118284	687.2199999999998
2061	2.8749170315250141	699.36000000000013
2070	1.0310021295974565	699.46000000000004
2071	1.0123131717855409	702.80000000000018
2080	3.1203550481213465	610.42000000000007
2081	3.0576580777395357	607.57999999999993
