channel	target_frequency_khz	threshold_adc
1010	5.1039695184028506	732.73999999999978
1011	4.5346806366547687	756.92000000000007
1020	4.7077413342431678	723.94000000000005
1021	5.2268908833543479	590.19999999999982
1030	6.2659844655257597	704.23999999999978
1031	6.1854022641417705	-2367.9599999999991
1040	5.1067210987670206	690.90000000000009
1041	5.2451404302112632	697.38000000000011
1050	6.6385729085899428	22.520000000000437
1051	6.9328820628370265	-2042.5
1060	4.880370250655119	724.61999999999989
1061	5.5274399460973909	710.88000000000011
1070	6.1307834507959607	715.59999999999991
1071	6.3844568067073899	654.5
1080	4.8271961531466259	677.38000000000011
1081	4.8880609670932502	659.5
2010	1.8894119080467282	706.2199999999998
2011	2.0061067111787731	709.57999999999993
2021	1.7180368960000982	692.11999999999989
2040	4.2502231192555691	665.09999999999991
2050	3.521465211697179	640
2051	2.9586857787368306	647.92000000000007
2060	3.4989435577118284	708.98000000000002
2061	2.8749170315250141	730.86000000000013
2070	1.0310021295974565	725.07999999999993
2071	1.0123131717855409	716.2800000000002
2080	3.1203550481213465	653.94000000000005
2081	3.0576580777395357	652.46000000000004
