channel	target_frequency_khz	threshold_adc
1010	5.1039695184028506	783.69999999999982
1011	4.5346806366547687	755.7800000000002
1020	4.7077413342431678	780.86000000000013
1021	5.2268908833543479	687.05999999999995
1030	6.2659844655257597	725.17999999999984
1031	6.1854022641417705	734.90000000000009
1040	5.1067210987670206	747.38000000000011
1041	5.2451404302112632	739
1050	6.6385729085899428	770.18000000000029
1051	6.9328820628370265	-2064.3400000000001
1060	4.880370250655119	751.83999999999992
1061	5.5274399460973909	703.57999999999993
1070	6.1307834507959607	697.01999999999998
1071	6.3844568067073899	690.65999999999985
1080	4.8271961531466259	717.92000000000007
1081	4.8880609670932502	761.74000000000001
2010	1.8894119080467282	761.05999999999995
2011	2.0061067111787731	764.61999999999989
2021	1.7180368960000982	747.32000000000016
2040	4.2502231192555691	703.01999999999998
2050	3.521465211697179	662.70000000000005
2051	2.9586857787368306	673.27999999999997
2060	3.4989435577118284	720.7199999999998
2061	2.8749170315250141	748.65999999999985
2070	1.0310021295974565	739.82000000000016
2071	1.0123131717855409	730.65999999999985
2080	3.1203550481213465	677.48000000000002
2081	3.0576580777395357	676.2800000000002
