channel	target_frequency_khz	threshold_adc
1010	5.1039695184028506	819.55999999999995
1011	4.5346806366547687	739.7800000000002
1020	4.7077413342431678	743.96000000000004
1021	5.2268908833543479	837.80000000000018
1030	6.2659844655257597	809.32000000000016
1031	6.1854022641417705	866.80000000000018
1040	5.1067210987670206	757.40000000000009
1041	5.2451404302112632	787.80000000000018
1050	6.6385729085899428	932.15999999999985
1051	6.9328820628370265	805.5
1060	4.880370250655119	744.46000000000004
1061	5.5274399460973909	784.88000000000011
1070	6.1307834507959607	854.57999999999993
1071	6.3844568067073899	834.40000000000009
1080	4.8271961531466259	718.51999999999998
1081	4.8880609670932502	715.80000000000018
2010	1.8894119080467282	738.09999999999991
2011	2.0061067111787731	734.42000000000007
2021	1.7180368960000982	723.13999999999987
2040	4.2502231192555691	666.65999999999985
2050	3.521465211697179	621.72000000000003
2051	2.9586857787368306	619.81999999999994
2060	3.4989435577118284	700.34000000000015
2061	2.8749170315250141	712.11999999999989
2070	1.0310021295974565	748.09999999999991
2071	1.0123131717855409	739.92000000000007
2080	3.1203550481213465	627.17999999999984
2081	3.0576580777395357	624.19999999999982
