channel	target_frequency_khz	threshold_adc
1010	5.1039695184028506	686.98000000000002
1011	4.5346806366547687	685.17999999999984
1020	4.7077413342431678	686.7800000000002
1021	5.2268908833543479	735.53999999999996
1030	6.2659844655257597	666
1031	6.1854022641417705	-2784.3799999999992
1040	5.1067210987670206	650.67999999999984
1041	5.2451404302112632	678.90000000000009
1050	6.6385729085899428	-2495.2399999999998
1051	6.9328820628370265	-2010.8799999999992
1060	4.880370250655119	699.51999999999998
1061	5.5274399460973909	112.05999999999995
1070	6.1307834507959607	644.57999999999993
1071	6.3844568067073899	25.679999999999836
1080	4.8271961531466259	642.65999999999985
1081	4.8880609670932502	-2670.2199999999993
2010	1.8894119080467282	642.98000000000002
2011	2.0061067111787731	648.07999999999993
2021	1.7180368960000982	634.94000000000005
2040	4.2502231192555691	614.40000000000009
2050	3.521465211697179	588.5
2051	2.9586857787368306	594.51999999999998
2060	3.4989435577118284	669.2800000000002
2061	2.8749170315250141	685.23999999999978
2070	1.0310021295974565	679
2071	1.0123131717855409	676.36000000000013
2080	3.1203550481213465	600.7800000000002
2081	3.0576580777395357	597.98000000000002
