channel	target_frequency_khz	threshold_adc
1010	5.1039695184028506	729.2199999999998
1011	4.5346806366547687	646.2199999999998
1020	4.7077413342431678	688.7199999999998
1021	5.2268908833543479	-2733.8999999999996
1030	6.2659844655257597	672.07999999999993
1031	6.1854022641417705	658.53999999999996
1040	5.1067210987670206	669.48000000000002
1041	5.2451404302112632	747.80000000000018
1050	6.6385729085899428	827.68000000000029
1051	6.9328820628370265	101
1060	4.880370250655119	686.68000000000006
1061	5.5274399460973909	679.90000000000009
1070	6.1307834507959607	732.65999999999985
1071	6.3844568067073899	619.65999999999985
1080	4.8271961531466259	625.40000000000009
1081	4.8880609670932502	646.07999999999993
2010	1.8894119080467282	626.09999999999991
2011	2.0061067111787731	628.88000000000011
2021	1.7180368960000982	614.69999999999982
2040	4.2502231192555691	578.55999999999995
2050	3.521465211697179	572.48000000000002
2051	2.9586857787368306	570.8599999999999
2060	3.4989435577118284	651.86000000000013
2061	2.8749170315250141	657.38000000000011
2070	1.0310021295974565	691.07999999999993
2071	1.0123131717855409	689.44000000000005
2080	3.1203550481213465	574.36000000000013
2081	3.0576580777395357	572.48000000000002
