channel	target_frequency_khz	threshold_adc
1010	5.1039695184028506	752.69999999999982
1011	4.5346806366547687	717.7800000000002
1020	4.7077413342431678	720
1021	5.2268908833543479	768.15999999999985
1030	6.2659844655257597	703.34000000000015
1031	6.1854022641417705	-2632.3799999999992
1040	5.1067210987670206	678.51999999999998
1041	5.2451404302112632	718.46000000000004
1050	6.6385729085899428	30.300000000000182
1051	6.9328820628370265	-2127.4599999999991
1060	4.880370250655119	744.22000000000003
1061	5.5274399460973909	688.01999999999998
1070	6.1307834507959607	706.59999999999991
1071	6.3844568067073899	620.98000000000002
1080	4.8271961531466259	674.15999999999985
1081	4.8880609670932502	688.01999999999998
2010	1.8894119080467282	699.76000000000022
2011	2.0061067111787731	701.96000000000004
2021	1.7180368960000982	686.11999999999989
2040	4.2502231192555691	659.2800000000002
2050	3.521465211697179	623.44000000000005
2051	2.9586857787368306	630.96000000000004
2060	3.4989435577118284	694.32000000000016
2061	2.8749170315250141	714.15999999999985
2070	1.0310021295974565	712.11999999999989
2071	1.0123131717855409	703.01999999999998
2080	3.1203550481213465	630.36000000000013
2081	3.0576580777395357	629.88000000000011
