channel	target_frequency_khz	threshold_adc
1010	5.1039695184028506	759.36000000000013
1011	4.5346806366547687	742.32000000000016
1020	4.7077413342431678	735.86000000000013
1021	5.2268908833543479	675.5
1030	6.2659844655257597	708.32000000000016
1031	6.1854022641417705	802.48000000000002
1040	5.1067210987670206	755.76000000000022
1041	5.2451404302112632	744.34000000000015
1050	6.6385729085899428	828.89999999999964
1051	6.9328820628370265	-1914
1060	4.880370250655119	736.29999999999995
1061	5.5274399460973909	701.33999999999992
1070	6.1307834507959607	752.55999999999995
1071	6.3844568067073899	675.25999999999999
1080	4.8271961531466259	691.15999999999985
1081	4.8880609670932502	714.53999999999996
2010	1.8894119080467282	711.80000000000018
2011	2.0061067111787731	716.2199999999998
2021	1.7180368960000982	697.2800000000002
2040	4.2502231192555691	666.63999999999987
2050	3.521465211697179	621.61999999999989
2051	2.9586857787368306	632.51999999999998
2060	3.4989435577118284	691.32000000000016
2061	2.8749170315250141	717
2070	1.0310021295974565	715.67999999999984
2071	1.0123131717855409	704.36000000000013
2080	3.1203550481213465	637.36000000000013
2081	3.0576580777395357	636.2800000000002
