channel	target_frequency_khz	threshold_adc
1010	5.1039695184028506	803.67999999999984
1011	4.5346806366547687	736.65999999999985
1020	4.7077413342431678	815.38000000000011
1021	5.2268908833543479	806.36000000000013
1030	6.2659844655257597	705.57999999999993
1031	6.1854022641417705	759.23999999999978
1040	5.1067210987670206	749.23999999999978
1041	5.2451404302112632	820.38000000000011
1050	6.6385729085899428	647.73999999999978
1051	6.9328820628370265	-2020.1200000000008
1060	4.880370250655119	792.79999999999995
1061	5.5274399460973909	723.59999999999991
1070	6.1307834507959607	701.77999999999997
1071	6.3844568067073899	678.88000000000011
1080	4.8271961531466259	722.98000000000002
1081	4.8880609670932502	716.77999999999997
2010	1.8894119080467282	811.2199999999998
2011	2.0061067111787731	815.2199999999998
2021	1.7180368960000982	795.09999999999991
2040	4.2502231192555691	738.76000000000022
2050	3.521465211697179	699.6400000000001
2051	2.9586857787368306	713.46000000000004
2060	3.4989435577118284	741
2061	2.8749170315250141	771.67999999999984
2070	1.0310021295974565	753.53999999999996
2071	1.0123131717855409	743.73999999999978
2080	3.1203550481213465	710.2800000000002
2081	3.0576580777395357	711.67999999999984
