channel	target_frequency_khz	threshold_adc
1010	5.1039695184028506	771.63999999999987
1011	4.5346806366547687	757.5
1020	4.7077413342431678	796.7800000000002
1021	5.2268908833543479	740.63999999999987
1030	6.2659844655257597	769.73999999999978
1031	6.1854022641417705	792.05999999999995
1040	5.1067210987670206	730.90000000000009
1041	5.2451404302112632	737.94000000000005
1050	6.6385729085899428	722.19999999999982
1051	6.9328820628370265	-1981.9599999999991
1060	4.880370250655119	754.5
1061	5.5274399460973909	691.6400000000001
1070	6.1307834507959607	683.05999999999995
1071	6.3844568067073899	685.5
1080	4.8271961531466259	720.38000000000011
1081	4.8880609670932502	734.70000000000005
2010	1.8894119080467282	765.86000000000013
2011	2.0061067111787731	770.5
2021	1.7180368960000982	752.13999999999987
2040	4.2502231192555691	705.26000000000022
2050	3.521465211697179	672.46000000000004
2051	2.9586857787368306	684.42000000000007
2060	3.4989435577118284	726.94000000000005
2061	2.8749170315250141	756.46000000000004
2070	1.0310021295974565	743.23999999999978
2071	1.0123131717855409	731.65999999999985
2080	3.1203550481213465	684.55999999999995
2081	3.0576580777395357	685.19999999999982
