channel	target_frequency_khz	threshold_adc
1010	5.1039695184028506	736.65999999999985
1011	4.5346806366547687	683.57999999999993
1020	4.7077413342431678	719.59999999999991
1021	5.2268908833543479	796.05999999999995
1030	6.2659844655257597	676.11999999999989
1031	6.1854022641417705	-2700.2199999999993
1040	5.1067210987670206	703.57999999999993
1041	5.2451404302112632	695.55999999999995
1050	6.6385729085899428	20.119999999999891
1051	6.9328820628370265	-2121.2800000000007
1060	4.880370250655119	727.33999999999992
1061	5.5274399460973909	682.8599999999999
1070	6.1307834507959607	690.33999999999992
1071	6.3844568067073899	-2870.1399999999994
1080	4.8271961531466259	648.96000000000004
1081	4.8880609670932502	654.66000000000008
2010	1.8894119080467282	688.36000000000013
2011	2.0061067111787731	690.30000000000018
2021	1.7180368960000982	676.69999999999982
2040	4.2502231192555691	642.69999999999982
2050	3.521465211697179	616.8599999999999
2051	2.9586857787368306	621.70000000000005
2060	3.4989435577118284	689.42000000000007
2061	2.8749170315250141	707.65999999999985
2070	1.0310021295974565	706.17999999999984
2071	1.0123131717855409	698.2800000000002
2080	3.1203550481213465	630.7199999999998
2081	3.0576580777395357	629.32000000000016
