channel	target_frequency_khz	threshold_adc
1010	5.1039695184028506	791.40000000000009
1011	4.5346806366547687	735.82000000000016
1020	4.7077413342431678	807.05999999999995
1021	5.2268908833543479	774
1030	6.2659844655257597	765.23999999999978
1031	6.1854022641417705	811.2800000000002
1040	5.1067210987670206	742.82000000000016
1041	5.2451404302112632	797.94000000000005
1050	6.6385729085899428	685.69999999999982
1051	6.9328820628370265	-2135.4200000000001
1060	4.880370250655119	767.70000000000005
1061	5.5274399460973909	708.5
1070	6.1307834507959607	644.13999999999987
1071	6.3844568067073899	683.24000000000001
1080	4.8271961531466259	722.22000000000003
1081	4.8880609670932502	697.55999999999995
2010	1.8894119080467282	791.07999999999993
2011	2.0061067111787731	794.36000000000013
2021	1.7180368960000982	772.09999999999991
2040	4.2502231192555691	718.88000000000011
2050	3.521465211697179	684.48000000000002
2051	2.9586857787368306	701.77999999999997
2060	3.4989435577118284	733.92000000000007
2061	2.8749170315250141	766.11999999999989
2070	1.0310021295974565	748.69999999999982
2071	1.0123131717855409	739.65999999999985
2080	3.1203550481213465	697.98000000000002
2081	3.0576580777395357	698.38000000000011
