channel	target_frequency_khz	threshold_adc
1010	5.1039695184028506	781.76000000000022
1011	4.5346806366547687	737.73999999999978
1020	4.7077413342431678	792.38000000000011
1021	5.2268908833543479	722.40000000000009
1030	6.2659844655257597	745.30000000000018
1031	6.1854022641417705	872.88000000000011
1040	5.1067210987670206	765.73999999999978
1041	5.2451404302112632	787.7199999999998
1050	6.6385729085899428	801.80000000000018
1051	6.9328820628370265	-2159.6599999999999
1060	4.880370250655119	762.11999999999989
1061	5.5274399460973909	714.68000000000006
1070	6.1307834507959607	744.74000000000001
1071	6.3844568067073899	85.539999999999964
1080	4.8271961531466259	720.53999999999996
1081	4.8880609670932502	724.25999999999999
2010	1.8894119080467282	759.7800000000002
2011	2.0061067111787731	765.67999999999984
2021	1.7180368960000982	744.15999999999985
2040	4.2502231192555691	696.73999999999978
2050	3.521465211697179	662
2051	2.9586857787368306	674.74000000000001
2060	3.4989435577118284	718.86000000000013
2061	2.8749170315250141	746.96000000000004
2070	1.0310021295974565	734.01999999999998
2071	1.0123131717855409	725.38000000000011
2080	3.1203550481213465	670.76000000000022
2081	3.0576580777395357	670.82000000000016
