channel	target_frequency_khz	threshold_adc
1010	5.1039695184028506	705.55999999999995
1011	4.5346806366547687	671.86000000000013
1020	4.7077413342431678	703.30000000000018
1021	5.2268908833543479	755.26000000000022
1030	6.2659844655257597	599.86000000000013
1031	6.1854022641417705	-2758.2800000000007
1040	5.1067210987670206	668.82000000000016
1041	5.2451404302112632	684.76000000000022
1050	6.6385729085899428	63.100000000000364
1051	6.9328820628370265	-1977.1399999999994
1060	4.880370250655119	712.20000000000005
1061	5.5274399460973909	644.77999999999997
1070	6.1307834507959607	667.59999999999991
1071	6.3844568067073899	-4.2600000000002183
1080	4.8271961531466259	653.48000000000002
1081	4.8880609670932502	519.74000000000001
2010	1.8894119080467282	660.46000000000004
2011	2.0061067111787731	662.5
2021	1.7180368960000982	645.90000000000009
2040	4.2502231192555691	623.57999999999993
2050	3.521465211697179	597.27999999999997
2051	2.9586857787368306	603.07999999999993
2060	3.4989435577118284	678.40000000000009
2061	2.8749170315250141	693.40000000000009
2070	1.0310021295974565	689.51999999999998
2071	1.0123131717855409	678.07999999999993
2080	3.1203550481213465	609.57999999999993
2081	3.0576580777395357	606.09999999999991
