channel	target_frequency_khz	threshold_adc
1010	5.1039695184028506	795.07999999999993
1011	4.5346806366547687	748.38000000000011
1020	4.7077413342431678	749.46000000000004
1021	5.2268908833543479	738.92000000000007
1030	6.2659844655257597	790.57999999999993
1031	6.1854022641417705	798.36000000000013
1040	5.1067210987670206	797.19999999999982
1041	5.2451404302112632	791.15999999999985
1050	6.6385729085899428	906.60000000000036
1051	6.9328820628370265	707.34000000000015
1060	4.880370250655119	685.90000000000009
1061	5.5274399460973909	712.92000000000007
1070	6.1307834507959607	786.38000000000011
1071	6.3844568067073899	758.6400000000001
1080	4.8271961531466259	678.46000000000004
1081	4.8880609670932502	668.48000000000002
2010	1.8894119080467282	692.23999999999978
2011	2.0061067111787731	701.30000000000018
2021	1.7180368960000982	676.96000000000004
2040	4.2502231192555691	633.80000000000018
2050	3.521465211697179	599.25999999999999
2051	2.9586857787368306	596.27999999999997
2060	3.4989435577118284	682.88000000000011
2061	2.8749170315250141	691.76000000000022
2070	1.0310021295974565	749.2800000000002
2071	1.0123131717855409	740.19999999999982
2080	3.1203550481213465	605.96000000000004
2081	3.0576580777395357	602.38000000000011
