channel	target_frequency_khz	threshold_adc
1010	5.1039695184028506	768.11999999999989
1011	4.5346806366547687	731.82000000000016
1020	4.7077413342431678	770.82000000000016
1021	5.2268908833543479	672.01999999999998
1030	6.2659844655257597	750.23999999999978
1031	6.1854022641417705	737.15999999999985
1040	5.1067210987670206	772.44000000000005
1041	5.2451404302112632	775.57999999999993
1050	6.6385729085899428	825.65999999999985
1051	6.9328820628370265	-1994.5200000000004
1060	4.880370250655119	759.96000000000004
1061	5.5274399460973909	710.90000000000009
1070	6.1307834507959607	767.24000000000001
1071	6.3844568067073899	64.799999999999955
1080	4.8271961531466259	703.13999999999987
1081	4.8880609670932502	725.03999999999996
2010	1.8894119080467282	728.92000000000007
2011	2.0061067111787731	733.13999999999987
2021	1.7180368960000982	715.46000000000004
2040	4.2502231192555691	685.55999999999995
2050	3.521465211697179	640.31999999999994
2051	2.9586857787368306	651.55999999999995
2060	3.4989435577118284	704.48000000000002
2061	2.8749170315250141	732.09999999999991
2070	1.0310021295974565	726.51999999999998
2071	1.0123131717855409	717.17999999999984
2080	3.1203550481213465	652.88000000000011
2081	3.0576580777395357	653.69999999999982
