channel	target_frequency_khz	threshold_adc
1010	5.1039695184028506	726.7800000000002
1011	4.5346806366547687	642.32000000000016
1020	4.7077413342431678	681.05999999999995
1021	5.2268908833543479	750.03999999999996
1030	6.2659844655257597	-2919.8600000000006
1031	6.1854022641417705	-2815.0799999999999
1040	5.1067210987670206	723.92000000000007
1041	5.2451404302112632	702.53999999999996
1050	6.6385729085899428	773.35999999999967
1051	6.9328820628370265	22.039999999999964
1060	4.880370250655119	671.83999999999992
1061	5.5274399460973909	668.8599999999999
1070	6.1307834507959607	414.32000000000016
1071	6.3844568067073899	-2998.1599999999999
1080	4.8271961531466259	640.77999999999997
1081	4.8880609670932502	628.66000000000008
2010	1.8894119080467282	645.98000000000002
2011	2.0061067111787731	652.90000000000009
2021	1.7180368960000982	631.13999999999987
2040	4.2502231192555691	604.05999999999995
2050	3.521465211697179	572.83999999999992
2051	2.9586857787368306	583.40000000000009
2060	3.4989435577118284	644.38000000000011
2061	2.8749170315250141	671.44000000000005
2070	1.0310021295974565	674.67999999999984
2071	1.0123131717855409	648.61999999999989
2080	3.1203550481213465	588.7199999999998
2081	3.0576580777395357	586.2800000000002
