channel	target_frequency_khz	threshold_adc
1010	5.1039695184028506	749.59999999999991
1011	4.5346806366547687	714.05999999999995
1020	4.7077413342431678	693.32000000000016
1021	5.2268908833543479	724.69999999999982
1030	6.2659844655257597	703.5
1031	6.1854022641417705	722.84000000000015
1040	5.1067210987670206	733.38000000000011
1041	5.2451404302112632	726.11999999999989
1050	6.6385729085899428	816.11999999999989
1051	6.9328820628370265	687.77999999999975
1060	4.880370250655119	664.38000000000011
1061	5.5274399460973909	232.72000000000003
1070	6.1307834507959607	652.66000000000008
1071	6.3844568067073899	713.98000000000002
1080	4.8271961531466259	658.25999999999999
1081	4.8880609670932502	649.51999999999998
2010	1.8894119080467282	664.01999999999998
2011	2.0061067111787731	669.73999999999978
2021	1.7180368960000982	650.13999999999987
2040	4.2502231192555691	622.88000000000011
2050	3.521465211697179	584.42000000000007
2051	2.9586857787368306	595.74000000000001
2060	3.4989435577118284	657.15999999999985
2061	2.8749170315250141	681.42000000000007
2070	1.0310021295974565	672.36000000000013
2071	1.0123131717855409	663
2080	3.1203550481213465	596.36000000000013
2081	3.0576580777395357	595.55999999999995
