channel	target_frequency_khz	threshold_adc
1010	5.1039695184028506	778.46000000000004
1011	4.5346806366547687	711.5
1020	4.7077413342431678	709.96000000000004
1021	5.2268908833543479	783.80000000000018
1030	6.2659844655257597	789.7199999999998
1031	6.1854022641417705	865.59999999999991
1040	5.1067210987670206	722.36000000000013
1041	5.2451404302112632	791.34000000000015
1050	6.6385729085899428	872.97999999999956
1051	6.9328820628370265	741.5
1060	4.880370250655119	715.27999999999997
1061	5.5274399460973909	732.48000000000002
1070	6.1307834507959607	806.67999999999984
1071	6.3844568067073899	785.86000000000013
1080	4.8271961531466259	672.90000000000009
1081	4.8880609670932502	654.88000000000011
2010	1.8894119080467282	674.7800000000002
2011	2.0061067111787731	676.34000000000015
2021	1.7180368960000982	664.34000000000015
2040	4.2502231192555691	622.15999999999985
2050	3.521465211697179	572.38000000000011
2051	2.9586857787368306	569.38000000000011
2060	3.4989435577118284	651.92000000000007
2061	2.8749170315250141	654.92000000000007
2070	1.0310021295974565	748.09999999999991
2071	1.0123131717855409	744.30000000000018
2080	3.1203550481213465	580.7800000000002
2081	3.0576580777395357	577.82000000000016
