sample,mean,mean_uncertainty,median,percentile_16,percentile_84
0,0.024530587522713507,0.18759095341917642,0.5,-4,5
1,0.081263880476478909,0.17848306168753303,0.5,-4,5
2,0.090349283262669083,0.17013753430492362,0.5,-4,5
3,0.09115687462144155,0.16194555598046323,0.5,-4,5
4,0.11528366646476883,0.15420210677954818,0.5,-3.5,5
5,0.13920856046840299,0.14631991778496778,0.5,-3.5,4.5
6,0.16858469614375127,0.13939481240121299,0.5,-3,4.5
7,0.18291944276196245,0.13288706914463674,0,-3,4
8,0.20755097920452251,0.12709658605919166,0,-3,4
9,0.23026448616999798,0.12113387169659755,0.5,-3,4
10,0.24056127599434687,0.11509934371953355,0.5,-3,4
11,0.24126791843327278,0.10842867194603602,0.5,-3,4
12,0.22269331718150615,0.10156905884865193,0,-3,4
13,0.22582273369674943,0.09490487395030682,0,-3,4
14,0.2128003230365435,0.088251215932071636,0,-3,3.5
15,0.21340601655562286,0.082048407185438932,0,-3,3.5
16,0.21471835251362811,0.07593925150782159,0,-3,3
17,0.18433272763981426,0.069089465322818552,0,-3,3
18,0.15889359983848172,0.062514416037359466,0,-2.5,3
19,0.15657177468201089,0.055659653836224926,0,-2.5,3
20,0.15859075307894205,0.04956172388536699,0,-2.5,3
21,0.15808600847970927,0.043438324764030235,0,-2.5,3
22,0.18988491823137493,0.038700011350078577,0,-2.5,3
23,0.16020593579648698,0.035013547105204323,0,-2.5,3
24,0.16293155663234404,0.033088905426090026,0,-2,2.5
25,0.15162527760952957,0.033145566228307187,0,-2,2.5
26,0.15303856248738137,0.035919914501712308,0,-2.5,2.5
27,0.15576418332323844,0.042295233431619922,0,-3,3
28,0.18625075711689884,0.050271487920788546,0,-3,3
29,0.2061376943266707,0.059560051549524227,0,-3,3
30,0.20775287704421563,0.069291856772342564,0,-3,3
31,0.20765192812436906,0.07922091694597011,0,-3,3
32,0.21380981223500908,0.088866325546950356,0,-3,3
33,0.23894609327680194,0.097981653764462176,0,-3,3
34,0.27619624470018173,0.10609274389991019,0,-3,3
35,0.26892792247122954,0.11428465327313302,0,-3,3
36,0.28952150211992733,0.12258647254107324,0,-3.5,3
37,0.3360589541691904,0.13029410367097993,0,-3.5,3
38,0.36644457904300426,0.13842024476852605,0,-4,3
39,0.42449020795477488,0.14665985010543683,0,-4,3
40,0.49989905108015342,0.1555875795934637,-0.5,-4,3
41,0.55723803755299817,0.16460737354910557,-0.5,-4,3
42,0.61821118514031903,0.17421001437911438,-0.5,-4,3.5
43,0.71461740359378156,0.18449357321098234,-0.25,-4,4
44,0.78457500504744604,0.19521364682519016,-0.5,-4,4
45,0.8529174237835655,0.2062258943860594,-0.5,-4,4
46,0.96890773268726027,0.21914020570222448,-0.5,-4.5,4
47,1.1378962245103978,0.23482269975404271,-0.5,-5,4
48,1.3212194629517464,0.25447455456189116,-0.5,-5,4.5
49,1.4943468604885928,0.27768561679925707,-0.5,-5,4.5
50,1.7296587926509186,0.30389338723866299,-1,-5,5
51,2.0544114677972947,0.33359272879639351,-1,-5,5
52,2.4635574399353928,0.36775410324820951,-1,-5,5
53,3.0223097112860891,0.40814392639444991,-1,-5.5,6
54,3.8927922471229559,0.45860549391505356,-1,-6,6
55,5.4130829800121143,0.52671709294443991,-0.5,-5.5,7
56,8.4693115283666458,0.62128418601421642,0,-5,10
57,16.72400565313951,0.75420427849078397,3,-3.5,20.5
58,41.770745003028466,0.94892863322719745,19,2,64
59,105.48606904906117,1.264307961832875,73,24.5,173
60,227.54068241469815,1.81492530113827,185.5,79,370
61,408.86493034524528,2.705012072714033,351,165,660
62,630.54320613769437,3.9034182747917128,545,266.39999999999998,1012
63,867.45891378962244,5.2734680192560432,753,369,1385.1999999999989
64,1099.9743589743589,6.6708480491326787,953,471,1752
65,1317.0062588330304,8.0041541355660559,1136,562,2087
66,1513.7202705431052,9.2304201304415994,1303.75,644,2401
67,1687.9702200686452,10.329732466893066,1448,715.79999999999995,2680.5
68,1838.9775893397941,11.291732687862737,1569.75,778,2916
69,1966.9462951746416,12.113179481384318,1675.75,833.39999999999998,3120.1999999999989
70,2073.0578437310719,12.798077207448426,1762,878,3293
71,2159.3835049464969,13.35587438412902,1836.5,914,3432.3999999999978
72,2228.1093276801939,13.797938323620761,1893,941,3542
73,2281.5452251160914,14.136497226268238,1935,967,3624.5999999999995
74,2322.0617807389463,14.386726300868373,1969,984,3686.5
75,2352.2703412073492,14.563849203748559,1992,997,3731.0999999999995
76,2374.6911972541893,14.683769533146791,2011.25,1007,3765.1999999999989
77,2391.9305471431458,14.761480981829095,2024,1016,3794.3999999999978
78,2407.0045427013929,14.818734504980178,2038.25,1027,3813.1999999999989
79,2423.1571774682011,14.88290066369081,2056.25,1036.4000000000001,3837
80,2442.2506561679788,14.973624203465565,2076,1044.8,3864
81,2464.1849384211587,15.092050722721526,2091,1055.9000000000001,3899.1999999999989
82,2487.3562487381387,15.227033873890123,2112.25,1066,3935.0999999999995
83,2510.0733898647286,15.364456535502304,2132.75,1073.9000000000001,3973
84,2531.0935796486979,15.494944407188752,2152,1081,4006.3999999999978
85,2549.7148193014336,15.612170968463673,2169,1090,4036.5999999999995
86,2565.5085806581869,15.712856557368514,2182,1097,4056.3999999999978
87,2578.3351504138905,15.795171129865176,2195,1103,4074.1999999999989
88,2588.0549162123966,15.858388373859233,2204,1108.9000000000001,4087.3999999999978
89,2594.6629315566324,15.901607227338513,2210.25,1109.9000000000001,4099.3999999999978
90,2598.3418130426003,15.926352594626934,2212.25,1108.9000000000001,4103.9999999999973
91,2599.2868968302041,15.934178787238823,2209.75,1107,4103.5999999999995
92,2597.7672117908337,15.927015162747439,2209,1106,4102.3999999999978
93,2594.0753078942057,15.907534105451649,2205.5,1104,4095
94,2588.4980819705229,15.878310484135541,2201,1102.4000000000001,4084.6999999999989
95,2581.3588734100545,15.841537696676705,2196.25,1100,4073.5999999999995
96,2573.0160508782556,15.798943409834077,2185,1098,4065.0999999999995
97,2563.8051685846963,15.75273400746126,2178.25,1095,4049.1999999999989
98,2554.1088229355946,15.704304861426682,2170.5,1090,4032.1999999999989
99,2544.1989703210174,15.655654359868802,2163,1086.9000000000001,4014
100,2534.1410256410259,15.606961129816346,2154,1082,3997.1999999999989
101,2524.0266505148393,15.558646560384938,2146,1075.9000000000001,3982
102,2513.7200686452657,15.509787638021558,2138.75,1070.4000000000001,3964.1999999999989
103,2503.0240258429235,15.459542658790024,2131.5,1065,3949
104,2491.8544316575812,15.407065326565482,2121.25,1060.5,3931.5999999999995
105,2480.2066424389259,15.35166526021025,2114.25,1054,3913
106,2468.0430042398548,15.292913794029964,2101.25,1046.5,3895.1999999999989
107,2455.4540682414699,15.230927453202606,2092.75,1040.9000000000001,3877
108,2442.3352513628106,15.166422692156175,2079.75,1034.8,3859.1999999999989
109,2428.7961841308297,15.099505341885376,2067.5,1028,3837.3999999999978
110,2414.8002220876238,15.030060316310436,2051.5,1021.4,3815
111,2400.4240864122753,14.957573507860674,2037,1015.9,3790.2999999999984
112,2385.6454673934991,14.881811745942475,2025.75,1008,3767.5
113,2370.4333737129014,14.802893654557536,2014,999,3740.9999999999973
114,2354.88814859681,14.721390663844046,1998.25,992,3715
115,2339.0384615384614,14.637604244214613,1983.25,984,3693.1999999999989
116,2322.9761760549163,14.551932002389725,1970,976,3671.5999999999995
117,2306.709166161922,14.464978075951871,1957,968.39999999999998,3648.3999999999978
118,2290.3228346456694,14.377086128861228,1940,960,3625
119,2273.9365031294165,14.288320397683767,1927.75,951.39999999999998,3598.2999999999984
120,2257.4997981021602,14.198558345329984,1914,944,3572
121,2240.9530587522713,14.108256741229185,1901,938,3546
122,2224.4154048051687,14.017245862131896,1886,929.79999999999995,3517.1999999999989
123,2207.8203109226733,13.925795083234005,1869,923,3493.9999999999973
124,2191.1501110438116,13.833354604018671,1853.75,914,3473.3999999999978
125,2174.3748233393903,13.739883884449723,1839,906,3445.5999999999967
126,2157.5375529981829,13.645691489505227,1825,897,3420.3999999999978
127,2140.6380981223501,13.550660991418889,1809.75,889.79999999999995,3393.1999999999989
128,2123.5829800121137,13.455295819995857,1795.25,883,3372
129,2106.4558853220269,13.358790524961796,1779.5,875.69999999999993,3344.0999999999995
130,2089.2779123763376,13.261986575594939,1765,868,3315.1999999999989
131,2072.0241267918432,13.163803942761771,1751.25,860,3288.5999999999995
132,2054.7314758732082,13.064722075516098,1736.25,852,3259.1999999999989
133,2037.4317585301837,12.965425222503967,1721,843.89999999999998,3235
134,2020.0696547546941,12.865693808706173,1704.5,836,3203.5999999999995
135,2002.6759539672926,12.765688705787507,1690,828.39999999999998,3176.0999999999995
136,1985.3426206339593,12.665376651443882,1674.5,819,3151.5999999999967
137,1968.0094891984656,12.565261136265715,1660.25,812,3125
138,1950.732283464567,12.465046618753787,1645,803,3100
139,1933.4686048859278,12.364759624679079,1630.75,794.79999999999995,3072
140,1916.2150211992732,12.26474975758409,1616.25,787.5,3046
141,1898.9761760549163,12.163991361320271,1602.75,779,3017.4999999999973
142,1881.7247122955785,12.063101546691541,1586,771,2989
143,1864.5024227740764,11.962117356153474,1573.5,763.39999999999998,2961
144,1847.3266707046234,11.861177474855134,1558.75,755,2933
145,1830.2014940440138,11.760239459599841,1546,747,2908
146,1813.189481122552,11.659412866417556,1532,738.5,2882.3999999999978
147,1796.2315768221281,11.558715863047292,1517,730,2856
148,1779.3386836260852,11.457838469725475,1502.75,722.5,2827.5999999999995
149,1762.5570361397133,11.357524095458164,1487,715,2801.5999999999995
150,1745.8845144356956,11.257207350364812,1473,708,2777.0999999999995
151,1729.2194629517464,11.156511077155063,1459.75,702.39999999999998,2750.1999999999989
152,1712.6836260852008,11.0560962754857,1447.5,695.39999999999998,2723.1999999999989
153,1696.1918029477085,10.955920848151631,1434.25,688.29999999999995,2698.1999999999989
154,1679.76973551383,10.85570090527462,1423,682,2675.0999999999995
155,1663.4728447405612,10.756058555676638,1408.5,674.39999999999998,2645.6999999999989
156,1647.2361195235212,10.656782321688857,1395,668.89999999999998,2618.3999999999978
157,1631.0250353321219,10.557687748177264,1379.75,661,2592.3999999999978
158,1614.941449626489,10.459429230679961,1365.25,653,2565.3999999999978
159,1598.8198061780738,10.361173889509921,1350.75,645,2538.1999999999989
160,1582.7887139107611,10.263530727818411,1336,638.39999999999998,2515.0999999999995
161,1566.8465576418332,10.166105103596227,1323,631.39999999999998,2484.0999999999995
162,1550.9945487583284,10.069165223574098,1311.75,625,2457.3999999999978
163,1535.2494447809408,9.9724840533316499,1298,619.89999999999998,2433
164,1519.6006460730871,9.8762718660337665,1284,613,2406.5999999999995
165,1504.0518877448012,9.7804447592328785,1272,606,2383.1999999999989
166,1488.6020593579649,9.6848982925282083,1258,599.89999999999998,2361.0999999999995
167,1473.3036543508983,9.5896589692604817,1246,593,2338
168,1458.1149808197051,9.4943931652030304,1232,586.89999999999998,2315.5999999999995
169,1443.0404805168585,9.4003034972562158,1218.5,580,2291
170,1428.0635978195032,9.3062464527356177,1207,574,2267.1999999999989
171,1413.1873611952351,9.2129188154514967,1195,567.39999999999998,2246
172,1398.3911770644054,9.1194493251056219,1183,561.5,2226
173,1383.7591358772461,9.0265290658802968,1170,556,2204.1999999999989
174,1369.2973955178679,8.9342653562929115,1159,550.19999999999993,2181.1999999999989
175,1354.9726428427216,8.8429265279995892,1146.75,544.89999999999998,2159.0999999999995
176,1340.8536240662224,8.7523832409041677,1136,538,2136.0999999999995
177,1326.892792247123,8.6625889033586656,1124.75,532,2113.0999999999995
178,1313.0948919846558,8.5739850108347806,1113.75,526,2091.2999999999984
179,1299.392792247123,8.4858602778441696,1101,521,2067.5999999999995
180,1285.8089036947304,8.3990249752785058,1089,514,2043
181,1272.4061175045426,8.3132709306878514,1077,508,2023.0999999999995
182,1259.1070058550374,8.2279418362248276,1065.5,503,2002.0999999999995
183,1245.8650312941652,8.1436820337977451,1054,496.5,1982.0999999999995
184,1232.7347062386432,8.0600716684539009,1043.25,493.39999999999998,1959.1999999999989
185,1219.7485362406621,7.977559784152275,1033.25,488.5,1938
186,1206.8746214415505,7.8952595555478178,1021.25,483,1919.5999999999995
187,1194.0800524934384,7.8134968783007341,1010,478.39999999999998,1900
188,1181.3533212194629,7.7321220103923727,999.25,472.39999999999998,1881.5999999999995
189,1168.7193620028265,7.6515186735896643,988.75,469,1858.5999999999995
190,1156.240157480315,7.5714635211034542,978.75,465,1840
191,1143.8653341409247,7.4914363934114734,969.5,459,1820.1999999999989
192,1131.6122551988694,7.4110695130977682,960,454,1799.0999999999995
193,1119.4439733494851,7.3317566172535296,950,449,1779.0999999999995
194,1107.406016555623,7.2529168402796973,940.25,443,1759
195,1095.4347869977792,7.1750675268075179,930.5,438,1739.1999999999989
196,1083.6600040379567,7.0975479948485951,920.5,433.39999999999998,1721
197,1071.9333737129014,7.0202750496831241,911,428.89999999999998,1702
198,1060.3166767615587,6.9436305139552079,900,425,1680.6999999999989
199,1048.7932566121542,6.8679116996879745,888.75,420.5,1662.5
200,1037.3916818090047,6.7928864074196191,879,416,1645.5
201,1026.1022612558045,6.7190735957783216,869,411,1627
202,1014.9307490409852,6.6467085606007581,859,407,1610
203,1003.8606904906118,6.5752898207657173,850,402,1594
204,992.94256006460728,6.5046536436123654,841,398,1579
205,982.17807389460938,6.4346646543964061,832,393,1561
206,971.51695941853427,6.3653067494083739,822.5,388.5,1544.5999999999995
207,960.93832020997377,6.2964217163995091,814,384,1529.0999999999995
208,950.45871189178274,6.2280555228874199,805.25,379,1511.1999999999989
209,940.08974358974353,6.1607995459319067,796,375,1495.0999999999995
210,929.86331516252778,6.0937489515772487,787,371,1479
211,919.66626287098723,6.0274404416535319,780,367.89999999999998,1462.5999999999995
212,909.54522511609127,5.9612887339266889,771,363.89999999999998,1447
213,899.5508782556027,5.8961773490035956,763.25,360,1432.1999999999989
214,889.64768826973557,5.8315027689695791,755.75,356.5,1416.0999999999995
215,879.82202705431052,5.7672517997353481,747,353,1401.2999999999984
216,870.09569957601457,5.703476378900322,738,349,1387
217,860.50817686250753,5.6407773375298929,730,346,1370
218,850.98990510801536,5.5780604866866801,723,341,1355.0999999999995
219,841.60872198667471,5.5169320627938392,715,337,1340.5999999999995
220,832.2904300423985,5.4559405360019149,708,333,1325
221,823.08197052291541,5.3950071076401152,699,329.89999999999998,1310.5999999999995
222,813.93064809206544,5.3348197181890322,692,325.89999999999998,1296
223,804.8410054512417,5.2754707810826282,683.5,322.5,1284
224,795.85130224106604,5.2166841924537337,676,319.89999999999998,1270
225,786.96093276801935,5.158505845677511,669,316,1255
226,778.1576822128003,5.1007527807230009,661,313,1239.0999999999995
227,769.41066020593576,5.0429645750654393,653.5,309,1226.5999999999995
228,760.75772259236828,4.9860800188443344,646.25,306,1211.1999999999989
229,752.16161922067431,4.9294615633586387,638.5,302.89999999999998,1199
230,743.66908944074294,4.8740959127622014,631,299.5,1186
231,735.24702200686454,4.819644562741118,624,296.5,1174
232,726.88108217242075,4.7654990496655305,617.25,293,1161.6999999999989
233,718.63416111447611,4.7122195666840421,611.75,290,1149
234,710.52008883504948,4.6593712832797323,604.75,286.5,1136.1999999999989
235,702.50292751867551,4.6077481891890049,597,283,1122.5999999999995
236,694.5521905915607,4.5565002392845626,589.5,280.5,1111
237,686.69200484554813,4.5056315783721814,582,277,1097.5999999999995
238,678.86644457904299,4.455096124346178,575,274,1085.1999999999989
239,671.08691701998794,4.4053152637241082,568.25,271,1073.5999999999995
240,663.41540480516858,4.3554402097488616,562,268,1059.5999999999995
241,655.83706844336768,4.3059374602240297,556.25,265,1047
242,648.32747829598225,4.2569498053041945,550,262,1035
243,640.90026246719162,4.2083540703043862,544,260,1022.5999999999995
244,633.53159701191203,4.1603448338433537,537,257,1011
245,626.23258631132649,4.1129619311655059,530.75,254,997.09999999999945
246,618.99505350292748,4.0659971583740777,524,251,984
247,611.81374924288309,4.0197553381903646,518,249,972
248,604.68786593983441,3.9741034608598369,512,245.39999999999998,959.19999999999891
249,597.67302644861695,3.9287847420149808,506,243,948.19999999999891
250,590.72016959418534,3.8840813649530235,500,240,937
251,583.83747223904709,3.8395803201645871,494,236,927.09999999999945
252,576.95760145366444,3.7960808838633016,488.5,233.5,916
253,570.19806178073895,3.7533768616766325,482,230,905
254,563.48798707853825,3.711584115622439,476,226.5,893.5
255,556.90722794266105,3.6702059896627772,471,223.5,883
256,550.43105188774484,3.6293584011886466,466,221,873
257,544.02907328891581,3.5890527609564904,460,218.5,863
258,537.6833232384414,3.5490298779687004,456,215,853
259,531.40843932969915,3.5090526714057537,451,213,842.59999999999945
260,525.1849384211589,3.4688821487279196,445,210,834
261,519.05683424187362,3.4291349122474326,440.25,208,823
262,512.96466787805366,3.389926431237638,435.75,206,814
263,506.97748839087421,3.3512411543039993,431,203,804
264,501.04946497072484,3.3127983203270164,426,200,794.59999999999945
265,495.17726630325058,3.2746844993684534,420.25,198,785
266,489.38794669897032,3.236954650937379,416,195.39999999999998,775.09999999999945
267,483.61154855643042,3.1998248506761491,412,193,764
268,477.9201494044014,3.1627201431619589,406.5,191,756
269,472.28265697557038,3.1263214012075218,402,189,747
270,466.67514637593376,3.0900094266410032,397.75,187,738
271,461.14839491217447,3.054252087229218,392.25,184,729.5
272,455.65515848980414,3.0186473762870492,387.75,182,720.59999999999945
273,450.26519281243691,2.9830060351207854,383,180,711
274,444.90218049666868,2.9480308356246332,379,178,703.5
275,439.59882899252977,2.9134997464794603,375,176,695
276,434.3410054512417,2.8795899579936877,370,173,686.09999999999945
277,429.14001615182718,2.8454778641766785,366,171,678
278,423.95477488390873,2.8121717883974453,361,169.5,670
279,418.8437310720775,2.7789008822908472,357.25,167.39999999999998,663
280,413.80375529981831,2.7465736376588157,353.5,165.39999999999998,655
281,408.79113668483745,2.714113953548603,350,163.5,647.59999999999945
282,403.80991318392893,2.6818215912589589,345.5,162,639
283,398.87936604078334,2.649804677111594,341,159,631
284,394.01827175449222,2.6183111373035866,337,157,624
285,389.20260448213202,2.5870337071713614,332,155.5,616
286,384.48970321017566,2.555657447329903,329,154,609.59999999999945
287,379.79870785382599,2.5247307620388719,325.25,152,602.5
288,375.15404805168583,2.4943735163857172,322,150,596
289,370.58681607106803,2.4647653383778141,318,148,588.59999999999945
290,366.03523117302643,2.4349851915735314,314.5,146,582
291,361.53664445790429,2.4055752716439827,310,144,575.5
292,357.080254391278,2.3769016060313253,306,142,568
293,352.63365636987686,2.3482489851121491,302.75,140,561
294,348.21128608923885,2.3201435250765998,298,138.5,554
295,343.88037552998185,2.292519315138438,294,137,547.09999999999945
296,339.56692913385825,2.2651993246423161,291,135,541.09999999999945
297,335.27124974762768,2.2378952253712208,288,133,534.09999999999945
298,331.04088431253786,2.2107662365716512,285,131,527.59999999999945
299,326.84675953967292,2.1842358442462824,281.25,129,521
300,322.70008075913586,2.1576490733564282,278,128,514
301,318.59156067030085,2.131004364537529,274.5,126.5,509
302,314.56541490006055,2.104838461944039,271,125,502
303,310.56067030082778,2.0785182298739922,268,124,496
304,306.5661215424995,2.0527016782366472,265,122,489
305,302.62588330304868,2.0271942601909823,262,120,483.09999999999945
306,298.70886331516255,2.002143922094743,259,118.5,477.59999999999945
307,294.84635574399351,1.977839951761704,255.25,116,470
308,291.04239854633556,1.9537391515501095,253,115,464
309,287.29275186755501,1.9300381622093956,249.25,114,458.09999999999945
310,283.57258227336968,1.9067973351302894,246.25,112,453
311,279.92075509792045,1.8841894351422603,243,110,448
312,276.29456894811227,1.8618146649932128,240,109,443.09999999999945
313,272.69897032101755,1.8394301781615372,237,107,437.5
314,269.22188572582274,1.8172955446467225,234,105,432
315,265.70876236624269,1.7955064122736593,231,104,426
316,262.22814455885322,1.774296883907565,228,103,421
317,258.78023420149407,1.7531557338838002,224.5,101,416
318,255.37815465374521,1.7323031074065978,221.5,99.899999999999977,411
319,251.96709065213003,1.7119935590323665,219,98,407
320,248.53321219462953,1.6915719395462596,215,97,401
321,245.16404199475065,1.6711167011346753,212.5,95.899999999999977,396
322,241.81405208964264,1.6509009008897768,210,94,391
323,238.51383000201898,1.6306788502352154,207,92.5,386
324,235.20179689077327,1.6106116466430751,205,91,380.5
325,231.97708459519484,1.5907117826992399,202,90,374.09999999999945
326,228.74197456087219,1.5714581138742054,199,88,370
327,225.59983848172826,1.5514081951479872,196,87,365.5
328,222.49131839289319,1.5319433264701161,193.5,86,360.5
329,219.38522107813446,1.5128686812740033,190.5,85,355.09999999999945
330,216.38804764789018,1.4943261684723219,188,83.399999999999977,351
331,213.37916414294367,1.475764973968668,186,82,346
332,210.38925903492833,1.4574682035176441,183,81,341
333,207.43095093882496,1.4394727513414698,181,79.899999999999977,337
334,204.51544518473654,1.4215981864908129,178,78.5,333
335,201.63395921663638,1.404066955989612,176,77,328
336,198.73299010700586,1.3867285774198357,174,76,323.09999999999945
337,195.90086816071067,1.3692246633740381,171.25,75,319
338,193.09681001413284,1.3515855797803937,169,73.5,314.09999999999945
339,190.34827377347062,1.3344374761664741,166.5,73,310
340,187.59963658388855,1.3175095388729225,164,72,306
341,184.86543508984454,1.3009558622706821,161.5,71,302
342,182.15283666464768,1.2846594462272996,159,69,297
343,179.44114677972945,1.2685623111238049,157,68,293
344,176.84050070664244,1.2524849027891001,154.75,67,289
345,174.19997981021604,1.2371399606427751,152,66,285
346,171.56248738138501,1.221679484272516,150,65,279.59999999999945
347,168.94962648899656,1.2061719318774038,148,64,276
348,166.36846355743992,1.1911303379608833,146,63,272
349,163.84070260448212,1.1761795991689048,144,62,268
350,161.32909347869978,1.1609231905254667,142.5,61,264
351,158.85574399353928,1.1466092161967114,140,60,260
352,156.38289925297801,1.1326609759994377,138,59,256
353,153.99576014536643,1.1188475980711741,136,57.5,252
354,151.61518271754491,1.1050988901187804,134,56.5,249
355,149.27518675550172,1.0916872371296549,132,55.5,245
356,146.96042802342015,1.078173296427251,130,54.5,241
357,144.64900060569352,1.065150755850663,128,54,237.5
358,142.36058954169189,1.0521170900080354,126,53,234
359,140.10417928528165,1.0393261084368377,124,52,230
360,137.91247728649304,1.0263392274511642,123,51,227
361,135.67615586513224,1.0141970144073158,121,50,223.5
362,133.43741166969514,1.0023825205418344,119,49,220
363,131.23601857460125,0.99030975849651981,117,48,217
364,129.0457298606905,0.97847950073973577,115,47,213
365,126.89218655360388,0.966598001013938,113,46,209
366,124.7259236826166,0.95487176122561346,111,45,206
367,122.61417322834646,0.94307237668692079,110,44,203
368,120.48475671310317,0.93140932631440032,108,43.399999999999977,199
369,118.39339794064203,0.91970566484907268,106,42.5,196
370,116.31193216232586,0.90834291572814641,104.75,41.5,193
371,114.32465172622653,0.89705569349389758,102.5,41,190
372,112.28336361800929,0.88595173772564217,100.5,39.899999999999977,187
373,110.30516858469615,0.87470737140586297,99,39,184.5
374,108.2903290934787,0.86403306489614995,97,38,181.59999999999945
375,106.34797092671108,0.85362029212305079,95,37,178.5
376,104.3725015142338,0.84317199018714806,94,36,176
377,102.44801130627903,0.83308803503187678,92,35,172.5
378,100.52230971128608,0.82330096478470771,91,34,170
379,98.650111043811833,0.81363671546236693,89,34,167
380,96.797395517867955,0.80417738544180273,87,33,164
381,94.964264082374314,0.79483835591830321,85.5,32,161
382,93.135776297193615,0.78583321879317725,84,31,158
383,91.405814657783168,0.77662013882521053,83,30,156
384,89.621643448415099,0.76767983086663372,81,29,153.5
385,87.849687058348479,0.75887393502856682,79,28.5,151
386,86.098728043609938,0.75023004820990036,78,28,148
387,84.427417726630324,0.74189821830153457,76.5,27,146
388,82.714920250353316,0.73349434797914648,75,26.399999999999977,143.5
389,81.039672925499701,0.72576633393437451,73.25,26,141
390,79.32556026650515,0.71789564658192351,72,25,138
391,77.686654552796284,0.70981603557145667,71,24,136
392,76.046032707450024,0.70227626033221657,69,23.5,133
393,74.426509186351709,0.69479997046647746,68,23,131
394,72.853220270543105,0.68741015194893229,66,22,129
395,71.243993539269127,0.68026577968282398,65,21,126.5
396,69.62739753684636,0.67323955256859991,64,20.899999999999977,124
397,68.049263072885125,0.66663437568044548,62,20,122
398,66.498485766202307,0.65997497245547876,61,19,119.5
399,64.975469412477281,0.65415310536431193,59.5,18,117.5
400,63.456793862305673,0.64818701631311326,58,17,115
401,61.99888956188169,0.64216490616722044,57,16.5,113
402,60.476075105996365,0.63635891721267601,55,16,111
403,58.965374520492631,0.63091601239754203,54,15,109
404,57.486472844740561,0.62587623720492602,53,14,106.5
405,56.030183727034121,0.62123020381536687,51,13.5,104.5
406,54.577629719362001,0.61599053702632978,50,12.5,102
407,53.182616596002426,0.61104826761584174,49,12,100
408,51.763476680799513,0.60590263649670673,47.5,11,98
409,50.318897637795274,0.60129711392776841,46,10.5,96
410,48.910761154855642,0.59664700449967545,45,10,94
411,47.499091459721384,0.5920902707653265,44,9,92
412,46.106198263678579,0.58752683045262366,42.5,8.5,91
413,44.729456894811229,0.5828123578933837,41,8,88.099999999999454
414,43.386735311932163,0.57851450372396795,40,7,87
415,42.035332121946297,0.57511899501572983,39,6,85
416,40.69483141530386,0.5711514225274037,38,5,83
417,39.364223702806378,0.56780804942825125,36,4.5,81
418,38.02220876236624,0.56416905009924612,35,3.8999999999999773,79
419,36.741974560872201,0.56096520646891501,34,3,77.5
420,35.484756713103167,0.55819661864705894,33,2,76
421,34.243589743589745,0.55530870290156131,32,1,74
422,32.996466787805367,0.5526902824952683,30.5,0.5,72
423,31.762669089440742,0.55003153512925085,29.5,0,71
424,30.526852412679183,0.54755156900350199,28,-1,69
425,29.332727639814255,0.54486927930733708,27,-2,67
426,28.094084393296992,0.54254589337287296,26,-3,66
427,26.898950131233597,0.54047759953739671,25,-3.6000000000000227,64
428,25.699878861296185,0.53860083506239198,24,-4.5,63
429,24.544922269331718,0.53634751219963717,23,-5,61.599999999999454
430,23.378053704825358,0.53375134814640535,22,-6,60
431,22.243589743589745,0.5314682629840729,21,-6.5,58
432,21.101352715525945,0.52947276661877285,20,-7,56.5
433,19.954572986069049,0.52744833410093217,19,-8,55
434,18.844942459115689,0.52534821544343191,18,-9,54
435,17.766404199475065,0.52376697939017469,17,-10,53
436,16.674035937815464,0.52192140796863751,16,-10.5,51
437,15.620835857056329,0.52054245702559876,15,-11,50
438,14.574197456087219,0.519454979974037,14,-12,48.5
439,13.520896426408237,0.5181793313171239,13,-13,47
440,12.482333939026853,0.51689679838276936,12,-14,46
441,11.444780940843932,0.51580913147580976,11,-14.5,45
442,10.405511811023622,0.51494499990479992,11,-15,44
443,9.40147385422976,0.51417999407681414,10,-16,43
444,8.3911770644054116,0.51339074709364818,9,-17,41
445,7.4192408641227541,0.512643366762223,8,-18,40
446,6.4503331314354933,0.51216237758973715,7,-18.5,39
447,5.4828386836260856,0.51165540409529031,6,-19.100000000000023,38
448,4.5392691298203109,0.51139043781729154,6,-20,36.5
449,3.6328487785180696,0.51162258721247444,5,-21,35
450,2.7264284272158288,0.51163115240386792,4,-22,34.5
451,1.8109226731273975,0.51185456899941806,3,-22.5,34
452,0.86412275388653337,0.51279297923420053,2.5,-24,33
453,-0.0060569351907934586,0.51369784592334122,2,-25,32
454,-0.91792852816474868,0.5143009188674168,1,-25.5,31
455,-1.7730668281849384,0.51543928966096986,0,-27,30
456,-2.6367857863920854,0.51615503818602004,-0.5,-27.5,29
457,-3.5253381788814862,0.51743101121776092,-1,-28,28
458,-4.4087421764587118,0.51839048495342532,-2,-29,27
459,-5.2768019382192612,0.51897764162274918,-3,-30,26
460,-6.0981223500908541,0.5194834739274814,-3,-31,25
461,-6.9552796285079745,0.52046579293630402,-4,-32,24.099999999999454
462,-7.8429234807187562,0.5206550803187513,-5,-33,23.5
463,-8.664647688269735,0.52106867198673024,-5.5,-34,23
464,-9.4824348879466989,0.52150362008083806,-6,-35,22
465,-10.295477488390874,0.52175773063871056,-7,-36,21
466,-11.109024833434281,0.52177063343441288,-8,-36.5,20
467,-11.924894003634162,0.52227845626261948,-8.5,-37.5,19
468,-12.750858065818695,0.52328687080132164,-9,-38,18.5
469,-13.543811831213405,0.52403611867309019,-10,-39.5,18
470,-14.375429032909349,0.52480721210933445,-10.5,-40,17
471,-15.171916010498688,0.52564493485804653,-11,-41,16
472,-15.962648899656774,0.52673497656912416,-12,-42,15
473,-16.777407631738342,0.5270737723379697,-12,-43,14
474,-17.523622047244096,0.52729854677624588,-13,-44,13.5
475,-18.336462749848575,0.52764464505462694,-14,-45,13
476,-19.124167171411266,0.52824052652518205,-14.25,-46,12
477,-19.896830203916817,0.52871295575088317,-15,-47,12
478,-20.679588128407026,0.52935165638658577,-16,-48,11
479,-21.447405612759944,0.53003852194283774,-16,-49,10
480,-22.239450837876035,0.53089522615297147,-17,-50,9.5
481,-22.988289925297799,0.53177759022384619,-17.5,-51,9
482,-23.725923682616596,0.53222962643428773,-18,-51.5,8
483,-24.459721380981222,0.53325887667216509,-19,-52.100000000000023,8
484,-25.238643246517263,0.53423856682175375,-19.5,-53.5,7
485,-25.949626488996568,0.53467239446110348,-20,-54,6
486,-26.707752877044214,0.53560259291946244,-21,-55,5.5
487,-27.404199475065617,0.53648414890488683,-21,-56,5
488,-28.06329497274379,0.53745818100327369,-22,-57,5
489,-28.784978800726833,0.53824356498405346,-22,-58,4
490,-29.450333131435492,0.53956481850411941,-23,-59,4
491,-30.102160306884716,0.54051231169299174,-23,-60,3
492,-30.764385221078136,0.54158716039297472,-24,-61,3
493,-31.40884312537856,0.5430159798623494,-24,-62,2
494,-32.06067030082778,0.54433376866179251,-25,-62.5,2
495,-32.72077528770442,0.54545131053323681,-25.5,-63,1
496,-33.370179689077325,0.5465942269909061,-26,-64,1
497,-33.983141530385623,0.54825348841448929,-27,-65,0
498,-34.62588330304866,0.54982811489955352,-27,-66,0
499,-35.239753684635573,0.55117911492320426,-27.5,-66,-0.9000000000005457
500,-35.869977791237631,0.55220894674731391,-28,-67.100000000000023,-1
501,-36.453462547950735,0.55333541557840982,-28.5,-68,-1
502,-37.098728043609931,0.55486586663582449,-29,-69,-2
503,-37.693418130426004,0.55643627032016751,-29.5,-70,-2
504,-38.27397536846356,0.55765248687866631,-30,-71,-3
505,-38.871088229355948,0.55863974645746739,-30,-72,-3
506,-39.437007874015748,0.55977561673693499,-31,-73,-3
507,-40.003432263274782,0.56105308264194476,-31.5,-74,-4
508,-40.570664243892587,0.5618594719646961,-32,-74.5,-4
509,-41.162023016353722,0.56337601590256392,-32,-75,-4.5
510,-41.751059963658392,0.56461307562131313,-33,-76,-5
511,-42.312739753684639,0.56643641155595159,-34,-77,-5
512,-42.90995356349687,0.56775997755873209,-34,-78,-5
513,-43.479911164950536,0.56926369297341961,-34,-79,-6
514,-44.066424389259033,0.57092499617142356,-35,-80,-6
515,-44.615687462144152,0.57267155442676376,-35.5,-80.5,-6.5
516,-45.125378558449427,0.57429858658309518,-36,-81,-7
517,-45.645063597819501,0.57584810330778358,-36,-82,-7
518,-46.198667474258023,0.57718114186741842,-37,-83,-7
519,-46.71179083383808,0.57887776531449653,-37,-83.5,-7.5
520,-47.208358570563298,0.58034399918410728,-38,-84.5,-8
521,-47.701695941853423,0.58205249779318791,-38,-85,-8
522,-48.193418130426004,0.5834280470125256,-38.5,-85,-8.5
523,-48.718958207147182,0.58525273265220701,-39,-86.100000000000023,-9
524,-49.221179083383809,0.58684330802018436,-39,-87,-9
525,-49.722188572582276,0.5877800061523849,-40,-88,-9.5
526,-50.217948717948715,0.58878812595739383,-40,-89,-10
527,-50.693014334746621,0.59054251910086497,-40.5,-89,-10
528,-51.156369876842319,0.59153020371393106,-41,-90,-10
529,-51.612558045628909,0.59248718821538093,-41,-91,-10.900000000000546
530,-52.102866949323641,0.593612394491142,-41.5,-91,-11
531,-52.52483343428225,0.59488356496468675,-42,-92,-11
532,-52.991520290732886,0.59658707202590799,-42.5,-92.5,-11
533,-53.402685241267918,0.59805106584333856,-43,-93,-11.5
534,-53.871794871794869,0.59941389728113348,-43,-94,-12
535,-54.294165152432868,0.60126832613249048,-43,-94,-12
536,-54.704421562689276,0.60270444840462056,-44,-95,-12
537,-55.145265495659196,0.60392712988341457,-44,-95.5,-12
538,-55.567332929537656,0.60572702606143247,-45,-96,-12.5
539,-56.009287300625886,0.60675427881485167,-45,-97,-13
540,-56.444478094084396,0.60819442297658954,-45,-97,-13
541,-56.873511003432263,0.60916821226639173,-45.5,-98,-13.5
542,-57.285180698566528,0.61066018699506741,-46,-99,-14
543,-57.640016151827176,0.61209066772165532,-46.25,-99.100000000000023,-14
544,-58.043811831213404,0.61287744427194601,-47,-100,-14
545,-58.421461740359376,0.6141410681705548,-47,-100,-14
546,-58.804360993337369,0.61524028320718382,-47,-101,-15
547,-59.205128205128204,0.61638301718456612,-48,-101.5,-15
548,-59.604482132041184,0.61808404408848694,-48,-102.5,-15
549,-60.008883504946496,0.61953325364885792,-48,-103,-15
550,-60.462749848576621,0.62054786714738741,-48.5,-104,-16
551,-60.860185746012519,0.62168264251026872,-49,-104,-16
552,-61.227437916414296,0.62287953146625263,-49,-104.5,-16
553,-61.629416515243285,0.62432745435241777,-50,-105,-16.5
554,-61.984050070664246,0.62553110869938211,-50,-106,-16.5
555,-62.360185746012519,0.62669610947621257,-50,-106.5,-17
556,-62.768927922471228,0.62777638342884268,-51,-107,-17
557,-63.123460528972338,0.6293742633659426,-51,-108,-17
558,-63.520694528568548,0.63122016534535752,-51,-108,-18
559,-63.889662830607712,0.63289630699521371,-52,-109,-18
560,-64.283060771249751,0.63507704105426843,-52,-109,-18
561,-64.646476882697357,0.63705153130475511,-52.5,-110,-18
562,-65.001413284877856,0.63937747125959365,-53,-110.5,-18
563,-65.350797496466782,0.64152716782750985,-53,-111,-18.5
564,-65.705229154048055,0.64385295284566202,-53,-111.5,-19
565,-66.025237229961633,0.64565449607755543,-53.5,-112,-19
566,-66.42620633959217,0.64747254011702715,-54,-113,-19
567,-66.764587118917831,0.64926923608925291,-54,-113.10000000000002,-19
568,-67.10801534423581,0.6512426519602309,-55,-114,-19
569,-67.444881889763778,0.65278947193541692,-55,-115,-20
570,-67.747627700383603,0.65393893885536669,-55,-115.5,-20
571,-68.062386432465175,0.65531356132179308,-55.5,-116,-20
572,-68.383202099737531,0.6567233410510479,-56,-116.10000000000002,-20
573,-68.681102362204726,0.65798557340855213,-56,-116.60000000000002,-20
574,-69.018271754492233,0.6592139421748765,-56,-117,-20
575,-69.317585301837269,0.66066606273662787,-56,-117.5,-20.5
576,-69.630829800121134,0.66165992653142602,-57,-118,-21
577,-69.926912982031098,0.6632168124166421,-57,-119,-21
578,-70.269230769230774,0.6645789577049438,-57,-119,-21
579,-70.571774682010897,0.66609696994714973,-57.75,-119.5,-21
580,-70.907934585099937,0.66730585995038028,-58,-120,-21
581,-71.19291338582677,0.66849599760409084,-58,-120.5,-22
582,-71.506561679790025,0.67004286008071567,-58.5,-121,-22
583,-71.790228144558853,0.67121523642612813,-58.5,-121,-22
584,-72.076317383404003,0.67271234789889189,-59,-122,-22
585,-72.398647284474052,0.67410750868697955,-59,-122.5,-22
586,-72.731576822128005,0.67526388194587872,-59,-122.5,-22
587,-72.992428831011509,0.67633247020110543,-60,-123.5,-22
588,-73.29043004239854,0.67755742707651256,-60,-124,-23
589,-73.517968907732694,0.67893295274356324,-60,-124,-23
590,-73.821825156470823,0.68032887517345708,-60,-124.5,-23
591,-74.050878255602669,0.68147376679209881,-60,-125,-23
592,-74.324752675146371,0.6823600226856843,-60.5,-125.5,-23
593,-74.60104986876641,0.68303686982040823,-61,-126,-23
594,-74.89198465576419,0.68416538160042262,-61,-126.5,-23
595,-75.157278417120935,0.68531898609752251,-62,-127,-23
596,-75.418736119523516,0.68659201605624298,-62,-127,-23
597,-75.656167979002618,0.68791618809777999,-62,-127,-23
598,-75.942560064607306,0.68969032947840703,-62.5,-128,-23.5
599,-76.175247324853629,0.69118223179281724,-63,-128,-24
600,-76.384817282455074,0.69269336500648548,-63,-128.5,-24
601,-76.659802140117094,0.69458688091391574,-63,-129,-24
602,-76.888148596810012,0.69605861067379116,-63.5,-129,-24
603,-77.117908338380786,0.69746529320949036,-64,-130,-24
604,-77.352513628104177,0.69907720420099695,-64,-130,-24
605,-77.578336361800922,0.70037995322975433,-64,-130.60000000000002,-24
606,-77.796386028669488,0.70164833505520341,-64,-131,-25
607,-78.056834241873617,0.70295434403442281,-64.5,-132,-24.5
608,-78.306279022814451,0.70414306132811022,-64.5,-132,-24.5
609,-78.537552998182917,0.70532996332522246,-65,-132,-24.5
610,-78.755299818291945,0.70618297855632028,-65,-132.5,-25
611,-78.990107005855037,0.70735152663653333,-65,-132.10000000000002,-25
612,-79.191701998788616,0.70813102358575342,-65,-133,-25
613,-79.396224510397744,0.70889979333743913,-65,-133,-25
614,-79.650918635170598,0.70939095805942476,-66,-134,-25
615,-79.858166767615586,0.71042610186993937,-65.5,-134,-25.900000000000546
616,-80.084696143751259,0.71095079803407357,-65.5,-135,-26
617,-80.31718150615788,0.71209360563347346,-66,-135,-26
618,-80.486977589339787,0.71277220451283463,-66,-135,-26
619,-80.661114476075113,0.71354234905640934,-66,-135,-26
620,-80.884716333535238,0.71391101899852483,-67,-136,-26
621,-81.083080961033716,0.71441145812609541,-66.5,-136,-26
622,-81.281445588532208,0.7153644521580077,-67,-137,-26
623,-81.488188976377955,0.71633370753372727,-67,-137,-26
624,-81.704926307288517,0.71690466414868015,-67,-137,-26
625,-81.866949323642231,0.7174238544999374,-67,-137.5,-26.5
626,-82.042701393095101,0.71773681725763605,-67,-137.5,-27
627,-82.230163537250149,0.71841668153984417,-68,-138,-27
628,-82.438017363214215,0.71905039881377297,-68,-139,-27
629,-82.571976579850599,0.71983248160651037,-68,-139,-27
630,-82.797395517867955,0.72052298510451829,-68,-139,-27
631,-82.992832626690898,0.72112836600107255,-68,-139.5,-27
632,-83.189178275792443,0.72204083750447179,-68.5,-140,-27
633,-83.400262467191595,0.72298285713311317,-69,-140,-27
634,-83.580456289117706,0.7240701358936994,-68.5,-140.5,-27
635,-83.7829598223299,0.7251955756692724,-69,-141.5,-27
636,-83.966384009691097,0.7259349277478756,-69,-142,-27
637,-84.118211185140325,0.72664153776861262,-69,-142,-27
638,-84.313547345043403,0.7276256111357815,-70,-142,-27.5
639,-84.498586715122144,0.7284528967596311,-70,-142.5,-27.5
640,-84.70341207349081,0.72947787768711447,-70,-143,-27.5
641,-84.909852614577019,0.72996454943830358,-70,-143,-28
642,-85.100747022006871,0.73074763067368798,-70,-144,-28
643,-85.289925297799314,0.73133253379084295,-70.5,-143.5,-28
644,-85.487078538259638,0.73215298013239005,-71,-144,-28
645,-85.655764183323242,0.7326015276189376,-71,-144,-28
646,-85.873813850191809,0.73330980492705489,-71,-145,-28
647,-86.018271754492233,0.73408269846821117,-71,-145,-28.5
648,-86.177266303250562,0.73486846494108438,-71,-145.10000000000002,-28
649,-86.357964869775898,0.73545144921906669,-71.75,-145.5,-28
650,-86.496769634564913,0.73639717226702106,-72,-146,-28
651,-86.637391479911159,0.73741627975449309,-72,-146.10000000000002,-28.400000000000546
652,-86.805875227135076,0.73844502264521683,-72,-146.60000000000002,-28.5
653,-86.942963860286696,0.73922602841900786,-72,-147.10000000000002,-28.5
654,-87.094791035735923,0.73994101602315587,-72,-147,-28.5
655,-87.210377548960224,0.74092757732260073,-72,-147.5,-28.5
656,-87.372703412073491,0.74143312971626307,-72,-148,-28.900000000000546
657,-87.506965475469414,0.74218527816779778,-72.5,-148,-29
658,-87.657278417120935,0.74287043373346007,-72.5,-148,-29
659,-87.81768625075712,0.74358406940437494,-73,-148.5,-29
660,-87.974157076519276,0.74413752985450865,-73,-148,-28.5
661,-88.077831617201696,0.74478323975897298,-73,-148,-28.5
662,-88.24863718958207,0.74540895496769133,-73,-148.5,-29
663,-88.397133050676359,0.74605494053787091,-73.5,-149,-29
664,-88.573692711487993,0.74696715722526696,-74,-149,-29
665,-88.712497476277008,0.74803082236293728,-74,-149,-29
666,-88.832222895215025,0.74843192861241115,-74,-149,-29
667,-88.955279628507981,0.74915419563491426,-74,-149.5,-29
668,-89.117504542701397,0.75029283296574301,-74,-150,-29
669,-89.220270543105187,0.75118127615272445,-74,-149.5,-29
670,-89.377044215626896,0.75203561830752441,-74.25,-150,-29
671,-89.449121744397331,0.75236520337591317,-74,-150,-30
672,-89.587522713506971,0.75301342802037929,-74.25,-150,-30
673,-89.672723601857456,0.7536965419172923,-74,-150,-30
674,-89.820109024833428,0.7545804327354666,-75,-151,-29.5
675,-89.924793054714314,0.75533764748789367,-75,-151,-30
676,-89.980012113870387,0.7559293305516982,-75,-150.5,-30
677,-90.040682414698168,0.75654336835454628,-75,-151,-30
678,-90.190086816071073,0.75748006561580539,-75,-151,-30
679,-90.283060771249751,0.75842872669524042,-75,-152,-30
680,-90.387744801130623,0.75909485058366732,-75,-152,-29.5
681,-90.52856854431657,0.759791540462458,-75,-152,-30
682,-90.594791035735923,0.76014146071015665,-75,-152,-30
683,-90.719362002826571,0.76088252484717445,-75.5,-152,-30
684,-90.857460125176658,0.76140559758821891,-75.5,-152.5,-30
685,-91.022208762366247,0.76240510736532563,-75.5,-152.60000000000002,-30
686,-91.135574399353928,0.76309354674244356,-75.5,-153,-30
687,-91.227740763173827,0.76355282277929348,-75.5,-152.5,-30
688,-91.393700787401571,0.76378802965958359,-75.5,-153,-30
689,-91.491015546133653,0.76408682963076269,-76,-153,-30
690,-91.622451039773878,0.7647739181072476,-76,-153,-30
691,-91.753886533414089,0.76516562849273551,-76,-153,-30
692,-91.837775085806584,0.7656718550939019,-76,-153,-30
693,-91.905208964264077,0.7665858533624309,-76,-153,-30
694,-92.028669493236421,0.7673202787894835,-76,-154,-30
695,-92.124066222491422,0.76788618910726647,-76,-154,-30
696,-92.220270543105187,0.76845566266886534,-76.25,-154.10000000000002,-30.5
697,-92.346759539672931,0.76944261785490886,-76.5,-154,-30.5
698,-92.449626488996572,0.77046360831415206,-76.5,-154.10000000000002,-30.900000000000546
699,-92.536745406824153,0.77155122128101239,-77,-155,-31
700,-92.638400969109625,0.77242497368075014,-77,-154.60000000000002,-31
701,-92.723500908540274,0.77356434993792544,-77,-155,-30.5
702,-92.808096103371696,0.77413579254879461,-77,-155,-31
703,-92.897839693115287,0.77457995656482403,-77,-155,-31
704,-93.031798909751672,0.77524923379237087,-77.5,-155.5,-31
705,-93.106400161518266,0.77564014029901918,-77.5,-156,-31
706,-93.190591560670299,0.77628400507453366,-77,-156,-31
707,-93.301736321421359,0.77651356804463312,-78,-156,-31
708,-93.41257823541288,0.77681168168767822,-78,-156,-31
709,-93.481930143347469,0.77696077190242496,-78,-156,-31
710,-93.602967898243492,0.77719473951715456,-78,-156,-31
711,-93.670805572380374,0.77769582053891395,-78,-156,-31
712,-93.783767413688679,0.77797699234971518,-78,-156,-31
713,-93.891076115485561,0.77862975835142811,-78,-157,-31
714,-93.964869775893405,0.77902736390678007,-78.5,-157,-31.5
715,-94.059761760549165,0.77917244864869473,-78,-157,-31.5
716,-94.131536442560062,0.779713485731372,-78,-157,-32
717,-94.238946093276809,0.78035385574049032,-78.75,-157,-32
718,-94.328487785180698,0.78093457611087425,-78.5,-157.60000000000002,-32
719,-94.37785180698566,0.78140970797349363,-79,-158,-31.900000000000546
720,-94.470623864324651,0.7816151837958113,-78.5,-158,-32
721,-94.528265697557032,0.78229380393768222,-79,-158,-32
722,-94.583080961033716,0.78285991616487782,-79,-158,-32
723,-94.633757318796683,0.7834010355627381,-79,-158.5,-32
724,-94.708156672723604,0.78362546415104251,-79,-159,-32
725,-94.703513022410661,0.78428764330662071,-79,-159,-32
726,-94.80405814657783,0.78485876414890721,-79,-159,-32
727,-94.852109832424787,0.78540896872514609,-79,-159,-32
728,-94.918635170603679,0.78594940249052203,-79,-159,-32
729,-94.978396931152844,0.78633582624171261,-79,-159,-32
730,-95.008883504946496,0.78704322399977189,-79,-159,-32
731,-95.092772057338991,0.78752785077226495,-79,-159,-32
732,-95.168079951544513,0.78831770450047689,-79,-159,-32
733,-95.2332929537654,0.78920118923714577,-79,-160,-32
734,-95.302342014940436,0.78972406776213122,-79,-160,-32
735,-95.339794064203517,0.79044041107893681,-79,-160,-32
736,-95.426610135271559,0.79099846611499181,-79,-160.5,-32
737,-95.530991318392893,0.79153830099303524,-79,-160.60000000000002,-32
738,-95.590450232182519,0.79155865401378001,-79.5,-160,-32
739,-95.649000605693516,0.79187267099377467,-80,-160,-32
740,-95.718958207147182,0.79189713726400668,-80,-160.5,-32
741,-95.757520694528566,0.79229849568824295,-80,-161,-32
742,-95.813143549364028,0.79264056179638998,-80,-160.5,-32
743,-95.84403391883707,0.79321800600041859,-80,-161,-32
744,-95.903896628306072,0.79371027757490942,-80,-160.60000000000002,-32
745,-95.956289117706447,0.79415118185353617,-80,-161,-32
746,-95.988592772057345,0.79435551337660126,-80,-161,-32
747,-96.038663436301235,0.79467659063233964,-80,-161,-32
748,-96.080052493438316,0.79488032351742866,-80,-161,-32
749,-96.152230971128603,0.79526082470702109,-80,-161,-32
750,-96.222996163941048,0.7957044203302317,-80,-161,-32
751,-96.272158287906322,0.79576320789022592,-80.5,-161,-32.5
752,-96.338380779325661,0.79618963672330167,-80.5,-161,-32.5
753,-96.374116696951347,0.79708650413514748,-80.5,-161.5,-32
754,-96.400161518271759,0.79767134318433508,-80,-161,-32
755,-96.432061376943267,0.79815153739429234,-80,-161,-32
756,-96.494447809408442,0.79858864868317525,-80.5,-161.5,-32
757,-96.534120734908143,0.79902945169889339,-80.25,-162,-32
758,-96.557338986472843,0.79885392817511136,-81,-162,-32
759,-96.58701796890773,0.79945565560597165,-80.5,-162,-32
760,-96.602160306884713,0.79972610122757737,-80.5,-162,-32
761,-96.664445790430037,0.80023638363663629,-81,-162,-32
762,-96.693115283666458,0.80041274626474157,-81,-162,-32
763,-96.74076317383404,0.80075889134976885,-81,-162.10000000000002,-32
764,-96.776095295780337,0.80086315579624634,-81,-163,-32
765,-96.786795881284064,0.80141872483898557,-81,-163,-32
766,-96.838582677165348,0.8014639085321521,-81,-163,-32.5
767,-96.854734504340797,0.80192224128139999,-81,-163,-32
768,-96.936906925095897,0.8020372288488089,-81,-163,-32
769,-96.987381385019177,0.8022844544768698,-81,-163,-32
770,-97.047143145568342,0.80271088564313064,-81,-163,-32
771,-97.086008479709264,0.80305321336270097,-81,-163,-32
772,-97.167373309105599,0.80362892611919623,-81,-163,-32.5
773,-97.214819301433479,0.80413638251915998,-81,-163,-32.5
774,-97.241974560872194,0.80424936505191968,-81,-163,-32
775,-97.285180698566521,0.80467533005088654,-81,-163,-32
776,-97.348071875630936,0.80517745067502089,-81,-163,-32
777,-97.406723198061783,0.80523944875311371,-81,-163,-32.5
778,-97.440339188370686,0.80525599682764781,-81,-164,-32
779,-97.47143145568343,0.80532038524379357,-81.5,-164,-32
780,-97.527760952957806,0.80546302799427816,-82,-164,-32
781,-97.581566727236023,0.80509229606034816,-81.5,-163.5,-32
782,-97.62436906925096,0.80500250465114043,-82,-163.60000000000002,-32
783,-97.637391479911159,0.80517486002746164,-82,-164,-32.5
784,-97.698263678578641,0.80546011929110506,-82,-164,-33
785,-97.764284272158292,0.80548303718011982,-82,-164,-33
786,-97.810518877448018,0.80617973304345814,-82,-164,-33
787,-97.821219462951746,0.80654364552845981,-82,-164,-33
788,-97.878356551584901,0.80673274453364852,-82,-164,-33
789,-97.910458308096096,0.80670677731651774,-82,-164,-33
790,-97.993135473450437,0.80690406646790414,-82,-164,-33
791,-98.034524530587518,0.80738678290848476,-82,-165,-33
792,-98.020997375328079,0.80811617161108484,-82,-164.5,-33
793,-98.062487381385026,0.80784808255115204,-82.5,-165,-33
794,-98.121946295174638,0.80818839590601388,-82.5,-164.5,-33
795,-98.172521704017768,0.80854882937287664,-82.5,-165,-33
796,-98.231173026448616,0.80859138540347697,-82.5,-165,-33
797,-98.252170401776695,0.80828016024222926,-82,-165,-33
798,-98.285988289925299,0.80822414043566926,-82.5,-165,-33
799,-98.338178881485973,0.8079567470353215,-83,-164.5,-33
800,-98.396830203916821,0.80778009739007928,-83,-165,-33
801,-98.446900868160711,0.80759770213930948,-83,-165,-33
802,-98.507066424389265,0.8076849029271177,-82.75,-164,-33
803,-98.547849788007269,0.80747094059536306,-83,-164,-33
804,-98.611548556430449,0.80709407018906254,-82.5,-165,-33
805,-98.633252574197456,0.80694488180619195,-83,-164.5,-33
806,-98.695336159903093,0.80689440391706135,-83,-165,-33
807,-98.773369674944476,0.80676394693851394,-83,-165,-33.5
808,-98.8488794669897,0.8066235685369878,-83,-165,-34
809,-98.880173632142132,0.8067323677223982,-83,-165,-33.5
810,-98.928931960428017,0.80708002639434584,-83,-165.5,-33.5
811,-99.009590147385424,0.80717447189246905,-83,-166,-33
812,-99.047345043408029,0.80726962334460173,-83,-166,-33.5
813,-99.073692711487993,0.80735240327414204,-83,-166,-33.5
814,-99.140016151827169,0.80750782674212807,-83,-166,-34
815,-99.173026448616994,0.80803985969757697,-83,-166,-34
816,-99.191197254189376,0.8084324377261769,-83,-166,-33.5
817,-99.229355945891385,0.80842983462087858,-83,-166,-34
818,-99.267413688673528,0.80832118644229467,-83,-166.5,-34
819,-99.286694932364227,0.80822003581211632,-83,-166,-34
820,-99.353624066222494,0.80869487657463224,-83,-166,-34
821,-99.379668887542906,0.80874910284352797,-83.25,-166.10000000000002,-34
822,-99.414193418130424,0.80876416502680404,-83.5,-166.5,-34
823,-99.462144155057544,0.8094692047945613,-83.5,-166,-34
824,-99.482132041187157,0.80994704139921236,-83,-167,-34
825,-99.512618614980823,0.81026024919870276,-83.5,-167,-34
826,-99.526246719160099,0.81005277941984477,-83.75,-166.5,-34
827,-99.53210175651121,0.8103483830190471,-84,-166,-34
828,-99.568241469816272,0.81065508991426161,-84,-166.5,-34
829,-99.557540884312544,0.81075319947416424,-84,-166.5,-34
830,-99.531697960831821,0.81059965833402514,-84,-166,-34
831,-99.518776499091459,0.81062361254432136,-84,-167,-34
832,-99.516555622854838,0.81092027845059611,-84,-167,-34
833,-99.499697153240461,0.81151134555566784,-84,-167,-34
834,-99.53381788814859,0.81192616564497866,-84,-167,-34
835,-99.543105188774476,0.81228471754823584,-84,-167,-34
836,-99.604986876640424,0.81252191615801306,-84,-167,-34
837,-99.577932566121547,0.81296025568982011,-84,-167,-34
838,-99.639915202907332,0.81351467865664739,-84,-167,-34
839,-99.651524328689689,0.81368263979886346,-83.5,-167,-34
840,-99.702503533212194,0.81423255279337103,-84,-167,-34
841,-99.757318796688878,0.81475942327225626,-84,-167,-34
842,-99.808398950131235,0.81478150578552389,-84,-167,-34
843,-99.822632747829601,0.81498001703470113,-84,-167.10000000000002,-34
844,-99.83615990308904,0.81536079937671224,-84,-167,-34
845,-99.845548152634763,0.81547377951673816,-84,-167,-34
846,-99.914900060569352,0.8155252415887978,-84,-167,-34
847,-99.910761154855649,0.81597273333159881,-84,-167,-34
848,-99.929739551786795,0.81603165392723165,-84,-167.5,-34
849,-99.943367655966085,0.81608048667959565,-84,-168,-34
850,-99.974258025439127,0.81628341518655056,-84,-168,-34
851,-100.00595598627095,0.81661218113723166,-84,-168,-34
852,-100.00656167979002,0.81688069152608433,-84,-168,-34
853,-100.00625883303049,0.81676122169895882,-84,-168,-34
854,-100.04946497072481,0.81648318588079849,-84,-168.10000000000002,-34
855,-100.08600847970926,0.81645765236494372,-83.5,-168,-34
856,-100.12931556632344,0.8169054553490247,-83.75,-168,-34
857,-100.13739147991116,0.81696188025329308,-83.5,-168,-34
858,-100.14940440137291,0.81688268966564115,-83.5,-168,-34
859,-100.15263476680799,0.81696894867429648,-83,-169,-34
860,-100.17413688673531,0.81718354964608686,-83.5,-168.5,-34
861,-100.18352513628105,0.8171075790158947,-83.25,-168.10000000000002,-34
862,-100.20916616192207,0.81736123409555572,-83,-168,-34
863,-100.21502119927317,0.81770069191736205,-84,-168,-34
864,-100.24449828386837,0.81793411818615713,-84,-168,-34
865,-100.2608520088835,0.81835674456248575,-84,-168,-34
866,-100.27720573389865,0.81837440916501525,-83.5,-168,-34
867,-100.29810216030688,0.81872769722763583,-84,-168,-34
868,-100.33686654552797,0.81893693258537636,-84,-168,-34
869,-100.35917625681405,0.81850894225553339,-84,-168,-34
870,-100.38380779325661,0.81840147644366135,-84,-168.5,-34
871,-100.41267918433273,0.81830499090167963,-84,-169,-34
872,-100.43256612154249,0.81836321741243512,-84,-168.60000000000002,-34
873,-100.46618211185141,0.81814454169175432,-84,-168.5,-34
874,-100.44064203513022,0.81799566838702731,-84,-168,-34
875,-100.41823137492429,0.81740271543102661,-84,-168,-34
876,-100.47334948516051,0.81728533060553099,-84,-168,-34
877,-100.44871794871794,0.81694383126265702,-84,-168,-34
878,-100.45608721986675,0.81672154494993532,-84,-168,-34
879,-100.423682616596,0.81689394277162741,-84,-168,-34
880,-100.46365838885524,0.8169380861161647,-84,-168.5,-34
881,-100.45093882495458,0.81705572312883978,-84,-168,-34
882,-100.49979810216031,0.81713859949114387,-84,-168.5,-34
883,-100.55370482535837,0.81703406395166012,-84,-168,-34
884,-100.53311124570968,0.81728294365102283,-84,-168,-34
885,-100.54058146577832,0.81731112931308481,-84,-168,-34
886,-100.59045023218252,0.81734646343720885,-84,-168,-34
887,-100.59448818897638,0.81711159969845815,-84,-168.5,-34
888,-100.58530183727034,0.81721801964143903,-84,-168,-34
889,-100.6216434484151,0.81703682688766199,-84,-167.5,-34
890,-100.6439531597012,0.8169741133618833,-84,-168,-33.900000000000546
891,-100.63628104179286,0.81705137518437532,-84,-168,-34
892,-100.64284272158288,0.81701233668746476,-84,-168,-34
893,-100.63668483747225,0.81685545051797148,-84,-168,-33.5
894,-100.62083585705633,0.81701821509994432,-84,-168,-34
895,-100.59055118110236,0.81765182755119803,-84,-168,-33.5
896,-100.61013527155259,0.81752238518459475,-84,-168,-34
897,-100.63547345043408,0.81732898905340134,-84.25,-168.10000000000002,-34
898,-100.63476680799515,0.81718788339770565,-84,-168,-34
899,-100.60660205935797,0.81676056232713479,-84,-167.5,-34
900,-100.5984251968504,0.81701918607201884,-84,-168,-34
901,-100.60286694932364,0.81717352269682697,-84.5,-168,-34
902,-100.60872198667474,0.81722818978125156,-84,-168,-34
903,-100.5863113264688,0.81716845300774776,-84,-168,-34
904,-100.57581263880476,0.81733578411225249,-84,-168,-34
905,-100.60357359176257,0.81745567931489604,-84,-168,-34
906,-100.60367454068242,0.81731082904001495,-84,-168,-33
907,-100.60650111043812,0.81791727987269691,-84,-168,-33
908,-100.61053906723198,0.81790981171222421,-84,-168,-33.5
909,-100.60629921259843,0.81788996850494566,-84.5,-168,-33
910,-100.61427417726631,0.81825315403496446,-84,-168,-33.5
911,-100.61195235210984,0.81837892702094517,-84.25,-168,-34
912,-100.64264082374319,0.81835949680280862,-84.25,-168,-34
913,-100.64849586109429,0.81830339729538604,-84.25,-168,-33.5
914,-100.64869775893398,0.81837958159957291,-84,-168,-34
915,-100.62376337573188,0.81817339554697466,-84,-168,-34
916,-100.63971330506763,0.81795598145061155,-84,-168,-34
917,-100.62204724409449,0.81799902834516602,-84,-168,-34
918,-100.6524328689683,0.81819573353488428,-84,-168,-33.400000000000546
919,-100.65556228548354,0.81838991366832847,-84,-168,-33.5
920,-100.68281849384212,0.81832244249025354,-84.5,-168.5,-34
921,-100.69139915202908,0.81879036485460299,-85,-168,-34
922,-100.69755703613971,0.81896063387348039,-84.5,-168.5,-34
923,-100.69634564910156,0.81876761713682555,-85,-168,-34
924,-100.69997981021604,0.81882211558826656,-84.25,-168,-34
925,-100.68150615788412,0.81917055061953237,-84,-167.5,-34
926,-100.69008681607107,0.8190508447472612,-85,-168,-34
927,-100.64455885322027,0.81927978807118162,-84,-167.5,-34
928,-100.67484352917424,0.81950498162387853,-84.25,-168,-34
929,-100.64587118917828,0.81970044677780718,-84,-168,-34
930,-100.65263476680799,0.81956398440537048,-84,-168,-34
931,-100.66141732283465,0.81964682372027664,-84.5,-168,-34
932,-100.69038966283061,0.81955938765358749,-84,-168,-33.5
933,-100.67514637593378,0.81970978987907483,-84,-168,-34
934,-100.69573995558248,0.81955029428859072,-84.5,-169,-34
935,-100.69261053906723,0.81943806052195212,-85,-168.5,-34
936,-100.69069250959015,0.81922606353531502,-85,-169,-34
937,-100.71572784171209,0.81910430525621836,-84,-169,-34
938,-100.70704623460529,0.81909088190902923,-84,-168.5,-34
939,-100.73399959620433,0.81904435877950588,-84,-168,-34
940,-100.70633959216636,0.81906883246241158,-84,-168.5,-34
941,-100.73672521704017,0.81911703938010039,-84,-168,-34
942,-100.71249747627701,0.81922513615174974,-84,-168,-34
943,-100.66575812638804,0.81898849983035038,-84,-169,-34
944,-100.67211790833838,0.81870625072389824,-84,-168,-34
945,-100.69442761962446,0.81890799829789962,-84,-168.5,-34
946,-100.6875630930749,0.81883711799795478,-84,-169,-34
947,-100.68816878659398,0.81848281038743709,-84,-169,-34
948,-100.66606097314759,0.81835692745566613,-84,-169,-34
949,-100.67484352917424,0.81839529283750978,-84,-169,-34
950,-100.67383403997577,0.81810223618369704,-84,-168.10000000000002,-34
951,-100.6522309711286,0.81837949110908237,-84,-168.60000000000002,-34
952,-100.63749242883101,0.8185415533899465,-84,-168.60000000000002,-34
953,-100.60458308096104,0.81890954228126467,-84,-169,-34
954,-100.58429234807187,0.81898651988708759,-84,-169,-34
955,-100.55693519079345,0.81911129728816656,-84,-169,-33.900000000000546
956,-100.50837876034727,0.81972421975961629,-84,-169,-34
957,-100.53200080759136,0.81967775315752422,-84,-169,-34
958,-100.49888956188168,0.81963650379275399,-84,-169,-34
959,-100.44548758328285,0.81971962732469261,-84,-169,-34
960,-100.42469210579446,0.8203220246641646,-84,-169,-34
961,-100.38824954572986,0.82073581147551022,-84,-169,-34
962,-100.39985867151222,0.82079385859767118,-84,-168.20000000000005,-34
963,-100.34696143751262,0.82054885113024667,-84,-169,-34
964,-100.35947910357359,0.82067679451179609,-84,-169,-34
965,-100.34019785988291,0.82098073257636783,-84,-168.10000000000002,-33.5
966,-100.32394508378761,0.82116402404484068,-84,-168,-33
967,-100.27347062386433,0.82127068422492056,-84,-168.5,-33.5
968,-100.23934988895618,0.82149515928805317,-84,-168.5,-33.5
969,-100.25600646073087,0.82207195052952076,-84,-169,-33
970,-100.25439127801333,0.82197631096690194,-84,-169,-33.5
971,-100.228952150212,0.82237507138433519,-84,-169,-33
972,-100.21431455683424,0.82253056603361185,-84,-169,-33
973,-100.18938017363214,0.82282213962499962,-84,-169,-33
974,-100.1936200282657,0.82303238188367289,-84,-169,-33
975,-100.14516454673935,0.82293307942748783,-84,-169,-33
976,-100.16262870987281,0.82291417255112342,-84,-169,-33
977,-100.134867756915,0.82327883840113736,-84,-168.5,-33
978,-100.14062184534626,0.82328878085305401,-84,-169,-33
979,-100.10629921259843,0.82325666811312992,-84,-169,-33
980,-100.10004037956794,0.8231944933705615,-84,-169,-33
981,-100.0628911770644,0.82371781935286659,-84,-169,-33
982,-100.09216636381991,0.8237660102876655,-84,-169,-33
983,-100.08146577831617,0.82405225339336263,-84,-169,-33
984,-100.06692913385827,0.82431749610768057,-84,-168.10000000000002,-33
985,-100.05410862103776,0.82429931720811511,-84,-168.5,-33
986,-100.0192812436907,0.82456737240508449,-84,-168.60000000000002,-33
987,-99.971835251362805,0.82484692733379372,-84,-169,-33
988,-99.955885322027058,0.82522858384556896,-84,-168.5,-33
989,-99.921259842519689,0.82505926331053347,-84,-168.60000000000002,-33
990,-99.903997577225923,0.82520388918658516,-84,-168,-33
991,-99.866949323642231,0.82516000616691376,-84,-168.5,-33
992,-99.842822531798916,0.82518349555688519,-84,-169,-33
993,-99.802745810619825,0.82542206883416847,-84,-169,-33
994,-99.800323036543503,0.82584990508300449,-84,-169,-33
995,-99.738340399757718,0.82641664279696536,-84,-169,-33
996,-99.721280032303653,0.82670977348679542,-83.75,-169,-33
997,-99.717443973349489,0.8273162920806828,-84,-168.10000000000002,-33
998,-99.717746820109028,0.82774248573714593,-83.5,-169,-33
999,-99.67746820109025,0.82824322376779713,-84,-168,-33
1000,-99.646577831617208,0.82855086572902548,-84,-168,-33
1001,-99.639208560468404,0.82884151513843907,-84,-168,-33
1002,-99.593579648697755,0.82911612809570312,-83.5,-168,-33
1003,-99.563900666262867,0.82953090848872646,-83,-168,-33
1004,-99.546335554209577,0.82995070597722154,-83,-168,-33
1005,-99.497981021603067,0.83006642510323714,-83.5,-168,-33
1006,-99.477690288713916,0.83096369751298838,-84,-168,-33
1007,-99.476579850595598,0.8315466077716579,-84,-168,-33
1008,-99.433272763981421,0.8320790138319466,-84,-168,-33
1009,-99.369069250959015,0.83267041985089452,-84,-168,-33
1010,-99.311427417726634,0.8332102740656302,-84,-168,-33
1011,-99.269836462749851,0.83426321537911863,-84,-168,-33
1012,-99.25964062184535,0.83616022070732743,-83.5,-168,-33
1013,-99.205027256208353,0.83777053773820465,-84,-168,-33
1014,-99.143044619422568,0.83947851560107356,-84,-167.5,-33
1015,-99.087219866747432,0.84130961907807844,-83.5,-167,-33
1016,-99.036139713305062,0.84381965709242157,-84,-167,-33
1017,-98.969311528366646,0.845651353295508,-83.5,-167.10000000000002,-33
1018,-98.908843125378553,0.84724989013569429,-83.5,-167.60000000000002,-33
1019,-98.860589541691908,0.84910768207398546,-83.5,-168,-33
1020,-98.803452453058753,0.85101967718633365,-83.5,-168,-32.5
1021,-98.75923682616596,0.85245327918298408,-83,-167.5,-33
1022,-98.707147183525137,0.8539360361431968,-83,-167.60000000000002,-33
1023,-98.654149000605699,0.85461035121848583,-83,-167,-33
